
Data:
0.099474
0.136013
0.154538
0.155881
0.091363
0.221119
0.080828
0.060784
0.100384
0.330562
0.067049
0.113212
0.133208
0.096107
0.051882
0.107596
0.180558
0.048280
0.144341
0.177616
0.042296
0.149380
0.079642
0.177886
0.187909
0.147094
0.178288
0.038970
0.142877
0.075083
0.119410
0.110369
0.083555
0.080717
0.253754
0.104057
0.082784
0.102073
0.137457
0.155604
0.090537
0.062126
0.124022
0.201521
0.095579
0.144037
0.045851
0.236328
0.071185
0.160191
0.133745
0.080680
0.214159
0.123069
0.067795
0.149175
0.173391
0.096995
0.255326
0.117237
0.180028
0.050261
0.072511
0.054252
0.079978
0.211583
0.123278
0.038306
0.162160
0.165978
0.071563
0.147155
0.176217
0.112022
0.122730
0.175809
0.044679
0.055371
0.047762
0.265410
0.061290
0.228347
0.113723
0.103894
0.189355
0.041656
0.118435
0.143301
0.064121
0.067209
0.119743
0.264130
0.231512
0.063025
0.086340
0.103921
0.037374
0.059849
0.232816
0.098216
0.118744
0.121029
0.178664
0.153308
0.090943
0.099535
0.046110
0.150878
0.127025
0.099161
0.210843
0.175505
0.090622
0.072870
0.061879
0.076329
0.273777
0.085726
0.136162
0.202635
0.113595
0.183100
0.118848
0.148846
0.041680
0.059985
0.187334
0.146612
0.045891
0.085138
0.174353
0.103335
0.105178
0.053336
0.185404
0.247365
0.218499
0.063780
0.138219
0.250360
0.047603
0.056623
0.087280
0.137637
0.079461
0.167446
0.151986
0.128209
0.264616
0.067632
0.068361
0.072288
0.155695
0.045456
0.217863
0.088516
0.102460
0.217682
0.092796
0.079531
0.067314
0.060365
0.111236
0.052540
0.227935
0.240583
0.167706
0.072321
0.219182
0.080143
0.171962
0.097220
0.033632
0.139714
0.064492
0.193656
