
Data:
0.221119
0.155881
0.154538
0.136013
0.330562
0.133208
0.113212
0.107596
0.180558
0.177886
0.177616
0.149380
0.187909
0.178288
0.147094
0.142877
0.253754
0.155604
0.137457
0.104057
0.236328
0.201521
0.144037
0.124022
0.214159
0.160191
0.149175
0.133745
0.255326
0.180028
0.173391
0.117237
0.211583
0.165978
0.162160
0.147155
0.265410
0.176217
0.175809
0.122730
0.228347
0.189355
0.143301
0.118435
0.264130
0.231512
0.119743
0.103921
0.232816
0.178664
0.153308
0.121029
0.210843
0.175505
0.150878
0.127025
0.273777
0.202635
0.136162
0.090622
0.187334
0.183100
0.148846
0.146612
0.247365
0.185404
0.174353
0.105178
0.250360
0.218499
0.138219
0.137637
0.264616
0.167446
0.151986
0.128209
0.217863
0.217682
0.155695
0.102460
0.240583
0.227935
0.167706
0.111236
0.219182
0.193656
0.171962
0.139714
