shape: [b:2, f:1, x:1, y:128, z:1, w:1, u:1, v:1, g:1] (count: 256, addr: 0xffffaaad573bde00, original format: bfyx)
-0.032196
-0.065979
-0.047241
0.021301
-0.036041
0.004803
-0.081177
-0.045166
-0.095276
-0.056366
0.006725
0.015701
0.016815
0.060059
-0.188354
-0.022903
0.040680
-0.013130
0.017288
0.026901
-0.014412
0.018738
-0.011688
0.004322
-0.213257
0.075745
-0.021133
-0.059418
-0.012169
0.056061
-0.073486
-0.005123
-0.031403
-0.052368
0.002081
0.011688
0.011208
-0.069031
-0.024185
0.084534
0.008965
0.006405
-0.049957
-0.014412
-0.029465
-0.059570
-0.001281
-0.068848
-0.000640
0.045807
0.071106
-0.000640
-0.296143
0.009766
0.036682
0.014732
0.050446
-0.170532
-0.216675
-0.061646
0.057007
-0.038757
0.030594
0.022095
0.099915
0.197632
0.029465
-0.146484
0.047089
-0.129517
0.124939
-0.016968
-0.001601
-0.089539
-0.014252
0.041809
0.286133
-0.009445
-0.080383
0.090027
0.018570
-0.085999
0.082458
-0.120728
-0.186035
-0.012489
-0.172119
0.005283
0.031067
-0.041809
-0.005924
0.149048
0.004803
-0.001922
0.067871
0.042114
0.230469
-0.139771
-0.069336
-0.103271
0.001922
0.044037
0.082153
0.072388
-0.024658
-0.080872
0.095276
0.135864
0.092590
-0.097534
0.020172
0.002562
0.022736
-0.103943
-0.039551
-0.065002
0.004322
-0.148560
0.009766
0.101868
0.010406
-0.015053
-0.034912
-0.016815
-0.076416
-0.051575
0.277100
-0.136475
0.020370
-0.158447
0.135498
0.031464
0.014259
-0.020187
-0.108337
-0.027588
0.057587
0.016113
-0.184937
0.007404
-0.030731
-0.006851
-0.087585
0.062561
0.090881
-0.007591
0.186646
0.098145
-0.017212
0.009995
0.014999
0.019623
-0.036285
0.237427
0.007591
0.090881
0.049988
-0.040192
0.064636
0.057404
0.074829
0.011108
0.019440
0.061829
-0.095886
0.050720
0.132202
-0.116272
-0.106812
-0.147339
0.037964
0.072571
-0.016296
0.008888
-0.039429
0.033142
0.136475
0.093872
0.062927
-0.048523
0.024994
0.023514
-0.009445
0.013885
0.042572
-0.037415
-0.113892
-0.040558
-0.163330
0.016663
0.039429
0.012589
-0.205933
0.010368
-0.013145
-0.037201
-0.002037
-0.015930
-0.202148
0.100159
0.000741
-0.005371
-0.014999
0.011292
0.124207
-0.027405
0.050537
-0.026657
0.128906
0.084778
-0.063293
-0.013145
0.034424
-0.187866
-0.092224
-0.051666
-0.032227
-0.045532
-0.079590
0.158447
0.043335
-0.071106
-0.015930
-0.154053
-0.021484
0.030914
-0.038879
-0.133667
-0.196655
-0.049805
-0.099426
0.024628
-0.053314
-0.062744
0.054260
-0.027405
-0.025360
0.019806
0.046112
0.393311
0.047577
-0.087402
-0.056854
0.002037
-0.042969
-0.003702
-0.037781
0.130127
0.008705
-0.097595
0.082031
0.034821
0.108704
0.120544
-0.000556
-0.094238
