shape: [b:2, f:128, x:1, y:1, z:1, w:1, u:1, v:1, g:1] (count: 256, addr: 0xffffaaad573be000, original format: bfyx)
-0.090149
-0.107056
-0.078613
0.146729
0.029099
0.027039
0.114197
-0.026413
-0.011070
0.054565
-0.066711
0.203369
0.019928
-0.058502
-0.006008
-0.000949
-0.087952
0.187744
-0.113403
0.002373
0.032898
0.026886
-0.031616
-0.030991
-0.028625
-0.032593
0.114990
0.060425
-0.012016
-0.062622
0.090637
0.016922
-0.035736
-0.030685
-0.174316
-0.054077
0.065979
-0.078125
0.057404
0.036835
-0.071472
-0.122559
-0.098999
-0.088379
0.050446
-0.010277
-0.046814
0.222900
-0.017075
-0.276123
-0.063904
0.101074
-0.004269
-0.008224
-0.052338
0.011703
0.020081
-0.028305
-0.037018
0.067871
0.211304
-0.039062
-0.011703
0.108521
-0.000158
0.266113
0.032593
0.046814
-0.121948
0.098511
0.008064
0.004269
0.246094
0.009491
-0.017715
0.004429
0.030518
0.151611
0.020554
-0.145996
0.047119
-0.004902
0.014709
-0.072876
0.037964
-0.019775
0.139038
0.139038
-0.054230
-0.093323
-0.063416
0.143799
0.170776
-0.034485
-0.054077
0.128296
0.078735
0.013443
0.044281
0.079224
0.063416
0.010124
0.004585
-0.030991
-0.009644
-0.008385
-0.074158
0.023407
-0.019928
0.002056
0.100098
-0.138428
0.076843
-0.034149
0.188843
-0.035095
0.150757
0.026260
0.040009
0.031311
-0.091858
-0.041290
0.047913
0.032104
0.036224
-0.100769
0.010277
-0.039856
0.161255
-0.125854
0.026779
-0.025864
0.129272
-0.043976
-0.156860
-0.026047
-0.068726
-0.007389
-0.119507
-0.004250
-0.123962
-0.094604
-0.023834
-0.057831
-0.000739
-0.037140
-0.097168
-0.095337
0.055054
-0.028076
-0.050629
0.037689
-0.088135
0.048401
-0.032867
-0.025116
0.004250
0.072021
0.010345
0.010902
0.016434
-0.020508
-0.001108
0.027527
-0.062622
0.095154
0.224609
0.014038
0.142456
-0.111206
-0.023270
-0.063904
-0.035828
0.101257
0.070374
0.026596
0.037140
0.087036
0.016815
-0.087219
-0.066345
-0.022720
-0.037689
0.049683
-0.024933
0.038971
0.029922
-0.064270
-0.190063
-0.017365
0.039520
-0.021606
-0.092163
-0.020874
0.032867
0.060577
0.018845
0.017731
0.197510
-0.165283
0.044342
0.033081
-0.131836
0.041931
-0.090332
-0.155396
0.181274
-0.081482
0.040833
-0.048035
-0.005913
0.147217
-0.068359
0.073364
0.017365
0.000185
-0.060791
-0.247681
-0.072571
0.143555
-0.144043
0.065735
-0.046173
-0.047302
-0.107300
-0.086609
-0.104004
-0.144775
0.322266
-0.026413
0.050049
0.055237
-0.018097
0.089417
0.070740
0.056519
-0.019394
-0.118408
0.094238
-0.054871
0.018845
0.000554
0.194702
0.014595
-0.107910
-0.015144
-0.100098
0.059479
-0.043793
-0.001847
-0.068909
-0.024750
-0.027710
0.108459
0.058563
0.088501
