shape: [b:2, f:1, x:1, y:128, z:1, w:1, u:1, v:1, g:1] (count: 256, addr: 0xffffaaad573be000, original format: bfyx)
-0.013535
-0.021255
-0.060669
-0.010796
0.013023
0.037689
0.169434
-0.068726
0.068909
0.016617
-0.002228
-0.199585
-0.023987
-0.056030
-0.024841
0.118408
0.100098
-0.076416
0.005486
-0.020050
-0.046112
0.161133
-0.028275
0.058594
0.042999
0.049347
0.005997
-0.003084
-0.114624
0.407959
0.071289
0.003428
0.074524
-0.062561
0.073181
0.038208
0.052277
-0.049194
-0.051056
0.111877
0.065125
-0.199585
-0.021423
-0.001371
-0.037537
-0.026215
-0.006512
-0.208740
-0.003256
-0.097839
0.028793
-0.069397
-0.020905
0.057922
-0.042999
-0.005825
0.044739
0.045227
0.018341
0.043365
-0.025879
0.024170
0.094604
-0.011993
0.002743
0.085327
-0.085876
0.028793
-0.015930
0.081421
0.064270
-0.050385
0.208618
0.051575
-0.004799
0.117371
0.122009
-0.118225
-0.108276
0.046448
0.034454
-0.081055
0.053284
0.030167
0.058441
0.034271
-0.017136
0.052277
-0.017990
-0.057068
-0.046448
0.032043
-0.005825
-0.035645
0.035645
-0.040100
0.125122
-0.016281
0.224854
-0.046600
0.123535
0.091492
0.063904
-0.081238
-0.043182
-0.105042
-0.013710
0.086731
0.013199
-0.071472
0.132324
-0.019363
-0.007713
0.170898
0.147217
-0.013710
-0.072144
0.033417
0.006512
0.184082
-0.176514
-0.208862
0.075073
0.039246
0.057404
0.055023
0.013199
-0.083984
0.034607
-0.053558
-0.137817
-0.027908
0.007835
0.124390
-0.184448
-0.017303
0.008324
-0.043091
-0.119019
-0.014854
0.037537
0.045227
-0.025635
-0.005714
0.049469
0.023346
-0.040985
-0.053375
0.051270
0.030533
0.377686
0.048981
-0.020889
-0.089600
-0.013878
-0.105286
0.064148
0.006855
-0.022369
0.001959
-0.043915
0.236694
0.020889
0.026611
0.054840
-0.074097
0.285645
-0.013710
0.065308
0.019257
0.127808
0.189087
0.026123
0.118347
-0.106750
0.074585
-0.019257
-0.011757
0.007511
0.009468
-0.012405
0.024002
-0.070862
0.014526
-0.011917
0.079163
0.136108
0.006531
0.071533
0.019424
-0.100891
-0.029388
-0.005878
0.012894
0.169800
0.113770
-0.091736
-0.033478
-0.049805
-0.052063
-0.005714
0.000163
-0.105957
-0.087341
-0.214478
-0.013062
-0.037384
0.018616
-0.051270
-0.055664
0.080017
-0.043274
-0.091431
0.000653
-0.013550
-0.011429
-0.029221
-0.106445
0.035919
0.006203
-0.086670
-0.009308
0.049957
-0.055817
-0.012405
0.001959
0.103149
-0.082458
-0.054535
-0.076538
0.096985
-0.055328
-0.067261
-0.018768
0.015511
0.031342
0.075439
-0.046692
0.056335
-0.018448
0.049133
0.003918
-0.038025
-0.101196
-0.068420
-0.283203
0.042786
-0.017960
0.172363
0.023666
0.119019
0.236450
0.004734
0.063843
-0.015182
0.064636
