shape: [b:2, f:128, x:1, y:1, z:1, w:1, u:1, v:1, g:1] (count: 256, addr: 0xffffaaad573bde00, original format: bfyx)
-0.030365
-0.100647
0.014015
0.123291
-0.207153
-0.114319
0.059845
0.024078
-0.078552
-0.004852
-0.045288
-0.032898
0.074768
0.051941
-0.100281
-0.029297
-0.042419
-0.099915
0.135376
0.029114
0.003593
-0.065613
0.095398
0.061096
0.128540
0.160889
-0.022461
-0.029465
0.099548
0.119141
0.075317
-0.022110
-0.224487
0.053558
-0.022278
0.007549
-0.060394
-0.266602
-0.045990
-0.042938
0.010605
-0.056793
-0.154541
-0.205200
-0.000539
0.020126
0.054993
-0.092163
-0.015099
0.049408
-0.060547
-0.007008
-0.087524
0.111938
-0.085205
0.091309
0.088074
0.189941
0.095581
-0.023727
-0.080322
-0.008087
-0.038818
0.092896
0.120422
-0.182983
0.089294
-0.072937
0.043488
-0.008987
-0.039886
-0.033966
-0.068298
-0.077637
-0.009521
0.043121
-0.020493
0.050140
-0.008263
-0.106018
-0.040436
-0.016357
0.001976
0.075867
0.083008
-0.016708
0.019943
-0.037567
0.026779
-0.097412
0.239014
-0.077820
-0.023178
0.019409
-0.051758
-0.005932
-0.159058
-0.024261
0.046722
-0.136719
0.035034
-0.040802
-0.101685
0.078918
-0.010780
-0.008446
-0.010780
0.100464
0.093811
0.034515
0.005390
0.022110
0.002157
-0.039703
-0.037018
0.049225
0.022995
-0.136719
-0.136597
-0.060394
0.054993
-0.086243
0.153687
-0.171387
0.080322
-0.020660
0.206665
0.054993
0.163086
-0.036133
-0.039642
-0.020935
0.078491
-0.190186
-0.054504
-0.178223
-0.247314
0.030380
-0.122131
0.024933
0.015823
-0.070190
-0.012146
0.046692
0.065857
-0.080261
-0.098145
0.151733
0.054840
0.024139
0.106812
-0.048431
-0.147095
0.104248
0.026215
0.030533
0.001759
0.022064
0.054047
0.028458
-0.054047
-0.038361
-0.023819
0.023499
0.060425
0.086792
-0.029099
0.017258
0.012306
0.076416
0.062500
0.145752
0.174072
-0.103882
0.149902
-0.051636
-0.048431
-0.090454
-0.037415
0.086487
0.116089
-0.045563
-0.046204
-0.044922
-0.005276
0.133301
-0.124023
-0.052124
-0.101013
-0.084412
0.071960
0.095947
0.045227
-0.095459
-0.140869
0.170898
0.107727
-0.030060
0.010872
0.068726
-0.058350
0.004475
-0.032776
-0.109985
0.066528
-0.022705
0.110168
0.078186
-0.101807
0.126343
-0.052277
-0.104736
-0.034851
0.016144
0.026855
0.314209
-0.049561
-0.088562
-0.026703
0.194702
-0.033722
0.078491
0.047150
0.122437
-0.053864
0.111572
-0.038055
0.043793
-0.030853
-0.041718
0.063477
0.011192
-0.018066
0.038361
-0.039978
-0.077881
0.047791
0.000959
0.122925
-0.024780
-0.090332
0.093506
-0.158203
0.053558
-0.049866
0.000320
-0.024139
-0.138306
-0.077026
0.029251
-0.086792
0.028931
0.029251
-0.037872
0.132812
-0.000639
