shape: [b:2, f:1, x:1, y:128, z:1, w:1, u:1, v:1, g:1] (count: 256, addr: 0xffffaaad573bde00, original format: bfyx)
0.093140
0.085144
-0.030655
-0.039429
-0.201416
-0.185303
-0.058777
-0.009567
-0.041199
0.020691
-0.002148
-0.003710
-0.014450
-0.083923
-0.052917
-0.005077
0.081238
0.055634
0.040802
-0.232178
-0.001171
0.024017
0.019714
0.144531
-0.170288
-0.022263
0.024216
-0.078857
-0.071045
-0.033386
-0.032410
-0.007809
0.006443
-0.005077
0.030853
0.046082
0.112671
0.009956
-0.100159
-0.120850
0.043915
0.123596
0.066589
0.149170
0.027527
0.018356
0.017181
0.004879
-0.003319
-0.007420
0.048798
-0.170776
-0.158936
0.018158
0.023422
0.165161
0.006832
-0.032410
0.056213
-0.097412
0.149902
-0.019714
0.086487
0.016403
-0.045868
-0.156372
0.006054
0.164429
-0.049408
-0.070862
0.016006
0.072449
0.034760
-0.015030
-0.021469
-0.139404
0.062286
0.086487
-0.075928
0.042175
-0.069885
-0.044525
-0.054657
-0.019714
-0.114014
-0.184082
-0.113831
-0.065796
0.008003
0.114807
-0.249146
-0.046082
0.035156
-0.161987
0.020889
0.052704
-0.093323
0.001952
0.020493
-0.035736
-0.028305
0.047058
-0.181030
0.034180
0.081970
0.097839
-0.008789
-0.008980
0.250000
0.180542
0.013863
-0.010544
-0.003124
-0.019913
0.098572
0.049774
0.044525
-0.045105
0.061096
-0.051727
0.058167
0.059357
-0.080261
-0.145996
-0.024597
-0.045288
0.007614
0.189575
-0.039185
-0.016296
0.131348
0.032593
-0.101868
-0.245850
0.020370
0.253906
-0.066528
0.003298
0.103027
-0.005821
0.008347
-0.021530
0.101257
-0.015717
0.322021
-0.018051
-0.171265
0.151978
0.004852
0.146484
-0.030075
0.031052
-0.139648
-0.051819
0.022705
0.049286
-0.074524
-0.007957
0.161011
-0.004463
0.019989
-0.070618
0.005821
0.010475
0.048309
0.136597
-0.046967
-0.045197
0.087891
0.100708
-0.090637
-0.101868
-0.133057
0.107666
-0.061707
0.057617
-0.014549
0.063477
0.070618
-0.042480
0.032776
0.019989
-0.033569
-0.011253
0.031616
0.096985
-0.084412
-0.002522
-0.131714
0.022507
-0.187012
-0.064392
0.052582
-0.005627
0.138184
-0.074707
0.034332
0.122253
0.024445
0.124573
-0.049683
-0.025421
0.015327
0.016693
0.142822
-0.002134
0.087341
-0.139526
0.052582
-0.098755
-0.003880
0.019409
-0.038025
0.053345
0.038605
0.027557
0.113342
-0.051605
-0.155640
-0.031433
-0.035309
0.083801
0.061707
0.083435
-0.098938
-0.017853
-0.083069
-0.056854
-0.007568
0.040161
-0.158569
0.011253
0.121643
-0.025421
-0.026779
0.053741
-0.093506
0.127441
-0.083252
0.117004
-0.040558
0.054138
-0.175171
0.013000
0.045013
0.009705
0.006401
-0.058777
0.136353
0.016693
0.092529
0.019211
0.019012
-0.033569
0.130249
0.019012
