shape: [b:2, f:1, x:1, y:128, z:1, w:1, u:1, v:1, g:1] (count: 256, addr: 0xffffaaad573bde00, original format: bfyx)
-0.080200
-0.074158
0.071777
-0.030533
0.086365
0.046478
0.005871
-0.065918
-0.077332
0.104675
-0.082214
-0.049652
-0.025833
-0.041931
-0.060883
-0.036743
0.038910
0.013924
0.137695
-0.087036
-0.016769
-0.043610
-0.112366
-0.126953
0.089600
-0.107361
-0.065613
0.075317
-0.009560
-0.305420
-0.047638
-0.149780
-0.170898
0.010735
0.050995
-0.061401
-0.088562
-0.089722
0.030197
0.033386
0.157837
0.080872
-0.014091
0.033722
0.014259
-0.094971
0.054688
-0.211060
-0.040253
-0.077637
0.124146
-0.085388
0.188599
0.008217
0.014091
0.057190
0.024155
-0.073669
-0.103638
-0.069458
0.129883
0.008049
-0.132324
0.054352
-0.053497
-0.027679
-0.037079
0.026505
-0.050323
0.068970
0.010735
-0.013084
0.073792
0.028015
0.044281
-0.011742
-0.261719
-0.018784
0.033539
0.105530
-0.018112
0.155640
-0.109680
-0.153687
0.052826
0.181030
-0.159668
-0.111023
0.006207
0.186646
0.018112
-0.032867
0.081177
0.088257
0.026169
0.112732
-0.002684
0.038086
-0.082703
0.092590
-0.003523
-0.001510
0.069763
0.082031
0.068115
-0.016434
-0.008385
0.009560
-0.046295
-0.007214
0.017944
-0.029022
-0.018951
-0.026672
0.134155
-0.001174
-0.048828
0.080994
0.051666
-0.067932
0.157349
-0.145874
-0.130127
0.036896
-0.009392
0.029358
0.133545
0.015602
-0.019470
0.002453
0.030060
-0.054443
0.089539
0.154663
-0.008430
0.082214
-0.211548
-0.020859
0.079102
-0.078186
-0.000920
0.070679
-0.027451
-0.028824
0.065002
-0.031433
-0.257080
0.079712
0.091370
0.193970
-0.025909
0.056580
0.011040
0.028061
0.063782
0.204102
-0.028214
0.003679
0.242554
-0.008743
0.013649
0.029434
0.005367
0.058105
-0.085266
-0.026688
0.004601
0.151245
-0.025604
0.040161
-0.063477
-0.265381
-0.130005
0.083130
0.085388
0.047394
-0.025146
0.014259
0.025299
-0.039246
-0.040955
0.067444
-0.139038
0.020081
-0.000920
0.118713
-0.106873
0.053040
0.119934
0.095093
0.044006
-0.124512
-0.028366
0.070557
0.083435
-0.068237
0.015945
-0.000153
-0.014565
-0.013954
-0.062103
-0.012268
-0.036957
-0.034668
0.049530
0.011650
-0.047241
-0.234253
-0.070068
0.057800
0.044159
-0.054901
0.022385
-0.082520
-0.070679
-0.012268
-0.048004
-0.002913
0.141357
-0.094788
0.034668
0.112732
0.025757
0.348633
0.048767
0.053833
-0.032043
-0.049225
0.012878
0.035889
-0.024231
0.083435
-0.063477
-0.035126
-0.007515
0.013344
0.001687
-0.067139
-0.020081
-0.120361
0.005825
-0.005825
-0.140625
0.033417
0.153198
-0.005672
0.135498
0.017639
0.119629
-0.020401
-0.059326
0.004906
0.085266
-0.017792
0.076843
-0.018707
