shape: [b:2, f:1, x:1, y:128, z:1, w:1, u:1, v:1, g:1] (count: 256, addr: 0xffffaaad573bde00, original format: bfyx)
-0.108459
0.097534
0.068359
0.135010
0.079773
-0.063965
0.158325
0.057831
0.091736
-0.103333
-0.003866
-0.014587
-0.052032
0.019684
-0.144287
0.040955
-0.083313
0.046387
0.059235
0.066467
0.034271
-0.004921
0.120422
0.059753
0.014412
0.024261
0.052551
0.104065
-0.003866
-0.021439
0.065369
0.042175
-0.002989
0.058868
0.014412
-0.049377
-0.058167
0.383789
-0.039734
0.040588
0.143433
0.098755
-0.040771
0.012306
0.006153
-0.058350
-0.014061
0.161743
0.069763
-0.015114
0.059570
-0.043060
-0.158691
-0.140991
-0.058014
0.095947
-0.100159
0.119019
-0.086853
0.125854
-0.120056
0.038147
-0.075928
0.017044
-0.081360
0.101257
0.006680
-0.135376
-0.099487
-0.030579
-0.189941
-0.095581
-0.033203
0.122498
-0.104065
-0.049377
0.178955
-0.107544
0.035492
-0.079468
0.056610
0.008614
-0.145020
-0.002285
-0.123352
0.014412
0.094238
-0.046387
0.093689
-0.135986
-0.093872
-0.090515
-0.028122
0.114441
0.021973
0.004921
-0.056244
-0.018097
-0.134155
0.047272
0.040771
-0.056946
-0.122314
-0.061340
0.011597
0.021088
-0.039368
-0.043762
-0.019516
-0.071350
0.132202
0.026535
-0.047089
0.084534
-0.006153
-0.044281
-0.079102
-0.049561
0.022324
-0.003866
0.177856
-0.027588
0.163940
0.018982
0.105286
-0.052185
0.063782
0.027588
0.094360
0.038971
0.009140
0.037079
0.045197
-0.061401
-0.011559
-0.037781
0.106384
0.021561
-0.021896
0.083496
0.132446
-0.086914
-0.089844
0.008797
-0.123840
0.035706
0.013794
-0.004829
-0.122620
0.160278
0.144531
-0.074158
0.206909
0.131714
-0.057251
0.034485
-0.015007
0.025696
0.007244
-0.015350
-0.135742
-0.020004
0.041748
0.117798
-0.103333
-0.000517
-0.118652
-0.061737
0.018280
-0.042603
-0.000517
-0.288574
0.096924
-0.036560
0.104492
-0.049683
0.083313
-0.045868
0.035858
-0.031738
-0.005001
-0.000345
0.112305
0.035706
-0.137817
0.081909
0.041901
0.005692
0.094849
0.082764
-0.033630
0.054504
-0.033112
0.031403
-0.062927
0.014832
-0.137817
0.070740
0.019150
0.018280
0.056580
-0.016556
0.016724
-0.111389
0.298340
0.003448
-0.067261
0.017242
-0.027771
-0.054169
0.042419
-0.018967
0.206787
-0.066895
0.077454
0.223389
0.052612
-0.001553
0.017593
0.311279
-0.016907
0.051056
-0.007759
-0.213501
0.042603
0.014488
-0.017075
-0.064819
-0.043457
0.117798
-0.096436
0.036377
-0.013969
-0.057098
-0.029663
0.098816
0.017426
-0.060028
0.016205
0.043640
0.018967
-0.132935
-0.022766
-0.034332
0.000172
0.066406
-0.004829
-0.025177
0.172852
-0.110229
-0.022247
-0.023804
0.028976
0.020523
0.010521
-0.111267
