shape: [b:2, f:128, x:1, y:1, z:1, w:1, u:1, v:1, g:1] (count: 256, addr: 0xffffaaad573be000, original format: bfyx)
-0.061096
-0.030792
0.172852
0.038086
0.112122
-0.027878
-0.014748
0.213257
-0.028198
0.033234
-0.000810
0.200439
-0.037445
0.037109
0.064636
-0.066895
0.005024
0.084290
-0.048615
0.019608
0.031113
-0.086060
0.040344
-0.086853
0.134644
0.102722
0.063171
-0.026901
0.069519
-0.109558
0.001945
-0.098389
0.064148
-0.142212
-0.180664
0.068726
0.017990
-0.024307
-0.009399
0.096252
-0.019608
-0.174805
-0.045868
-0.035797
-0.045197
0.032745
0.051697
-0.000486
0.009888
-0.328857
-0.013290
0.024475
0.014420
-0.030945
0.014748
-0.017822
0.049896
0.009399
-0.019287
-0.027878
-0.023819
-0.123474
-0.040833
-0.041473
0.007130
0.097717
-0.128784
-0.284912
-0.171143
-0.082947
0.017990
-0.020416
0.130249
-0.037262
0.093201
-0.057037
0.096069
0.014420
-0.023987
-0.004211
0.022522
0.033051
0.019928
-0.012802
-0.097534
-0.039551
-0.066589
-0.048126
-0.007778
0.099976
-0.034668
-0.047485
0.003078
0.023666
-0.050079
-0.013771
0.008591
-0.071167
-0.182251
0.177612
-0.049255
0.054291
0.041473
0.003889
-0.051849
-0.005348
0.240356
0.142578
-0.005024
-0.057861
-0.036469
0.074219
0.070190
-0.086670
-0.036957
-0.098511
0.112793
-0.052673
-0.030624
-0.105835
0.220093
-0.060272
0.047791
-0.007294
0.051697
-0.022690
-0.105347
-0.095581
0.031372
-0.019562
-0.178589
0.019058
-0.093140
0.197144
0.087891
-0.008095
0.006409
0.045197
-0.068298
-0.090271
-0.022934
-0.080444
0.029190
-0.046570
0.023621
-0.015518
0.028000
-0.057007
-0.031708
0.120117
0.033234
-0.016693
-0.012314
0.014503
0.017044
-0.000000
-0.064636
-0.050110
0.003374
-0.115723
0.005230
-0.085876
-0.001687
-0.074707
0.019730
0.258057
-0.145630
-0.013496
-0.020416
0.048248
-0.227905
0.029861
-0.040497
-0.021927
-0.180542
-0.040985
-0.039459
0.148804
0.047729
0.002531
-0.186890
-0.043365
0.044373
0.018890
0.065796
-0.032898
-0.007591
-0.000675
0.024460
-0.022598
0.136963
-0.031036
0.015686
-0.063110
-0.086853
-0.157837
-0.039642
0.017212
0.012482
-0.284668
0.011299
-0.016861
-0.106934
-0.029358
0.202148
-0.019058
0.071045
0.058716
0.002867
-0.011810
0.006241
0.038635
0.004387
0.075378
-0.013664
0.019226
-0.041992
0.030701
-0.022766
-0.069153
0.145386
-0.083191
-0.002193
0.093140
-0.048584
0.225830
-0.051605
0.062744
0.096008
-0.023117
-0.163086
0.016022
-0.067627
0.009445
0.023117
0.046906
-0.109619
-0.091431
0.027664
-0.015015
-0.035095
0.130615
-0.070862
0.044861
0.004723
-0.028671
-0.306152
-0.090576
-0.124817
0.006241
0.086182
-0.015350
-0.009949
0.140015
0.146240
-0.079773
