shape: [b:1, f:64, x:1, y:1, z:1, w:1, u:1, v:1, g:1] (count: 64, addr: 0xffffaaad574f9400, original format: bfyx)
99.000000
4.000000
83.000000
112.000000
90.000000
50.000000
55.000000
121.000000
35.000000
74.000000
91.000000
65.000000
6.000000
115.000000
7.000000
69.000000
28.000000
78.000000
106.000000
89.000000
5.000000
70.000000
6.000000
38.000000
29.000000
95.000000
49.000000
117.000000
43.000000
127.000000
43.000000
54.000000
36.000000
19.000000
12.000000
29.000000
112.000000
104.000000
0.000000
55.000000
127.000000
18.000000
13.000000
33.000000
5.000000
38.000000
89.000000
29.000000
66.000000
91.000000
97.000000
65.000000
3.000000
72.000000
77.000000
124.000000
13.000000
13.000000
53.000000
66.000000
89.000000
52.000000
14.000000
102.000000
