shape: [b:2, f:1, x:1, y:128, z:1, w:1, u:1, v:1, g:1] (count: 256, addr: 0xffffaaad573be000, original format: bfyx)
-0.023590
0.149170
-0.017975
0.047668
-0.100647
0.072937
-0.239868
0.087402
0.033966
-0.043396
-0.093689
0.079529
0.097168
-0.112793
-0.091553
-0.050629
0.069275
-0.123352
0.007092
-0.066284
0.015503
-0.006927
-0.103760
0.024582
0.075195
-0.041901
-0.121582
0.036957
0.042877
0.214600
-0.081299
-0.028870
-0.009239
-0.105225
0.076538
-0.047333
0.035797
0.060364
0.016663
-0.004784
0.023087
-0.130127
0.055756
0.074585
-0.026062
0.062347
-0.053772
-0.094360
-0.032166
-0.208130
-0.099304
0.134277
0.027878
0.068481
-0.105225
-0.040070
-0.029861
-0.043396
0.023422
0.036774
0.115784
0.064636
0.058899
-0.113831
0.022934
0.017654
0.150757
-0.018311
0.024902
0.262451
-0.099976
-0.006432
-0.034790
0.012535
0.040253
-0.022110
0.062988
0.008575
-0.045532
0.068970
0.030853
0.082458
0.088745
-0.043213
-0.036285
-0.046356
0.030685
-0.020294
0.076843
-0.082642
0.032166
-0.039581
0.056915
0.064514
-0.060547
-0.165771
-0.049316
0.051300
-0.056732
-0.356689
0.034302
0.094177
0.118958
-0.088074
-0.000495
-0.202881
0.004948
-0.093018
-0.027222
0.011055
0.007919
-0.000330
0.130371
-0.058899
0.105103
-0.045349
-0.057251
-0.019791
-0.032166
-0.137695
-0.033478
0.083130
0.002474
-0.036469
0.057739
-0.029358
-0.217285
0.039429
-0.076050
0.050842
0.033905
-0.056610
-0.000874
-0.187012
0.181396
-0.020966
0.007690
0.028488
-0.172974
0.079529
0.030579
0.152222
-0.016251
0.004021
-0.033020
-0.013107
-0.016434
-0.162720
-0.055054
0.015381
-0.115540
-0.041412
-0.022369
-0.000175
-0.141235
-0.057678
-0.058533
0.041779
-0.017120
0.158691
0.012405
-0.029358
-0.057495
0.017471
0.015732
0.115845
-0.180298
0.080750
-0.040009
-0.043335
-0.060455
0.160034
-0.016602
-0.040192
-0.138794
-0.102905
0.012230
0.136108
-0.005417
0.046143
-0.119690
-0.021667
-0.032501
-0.019226
0.038635
0.129028
0.025345
0.125977
0.063965
0.059601
0.104309
-0.020447
0.006115
0.148071
-0.100464
0.092102
0.008736
-0.049286
0.023773
-0.001048
0.001048
0.001048
-0.114441
0.046478
0.159058
0.040375
0.006641
0.042297
0.064819
0.008385
-0.107849
0.058380
-0.034943
0.118164
-0.066040
0.088928
0.060822
0.059753
-0.037750
-0.103271
0.092468
0.121094
-0.053650
0.007164
0.013107
0.053833
-0.199341
-0.129028
-0.176636
-0.065186
-0.187378
0.003670
-0.097351
-0.134521
0.023941
0.013458
-0.059082
0.027618
0.083557
0.241699
0.060120
-0.017303
-0.277588
-0.048767
0.021149
0.023590
0.044220
0.092102
-0.063110
0.036713
-0.109741
-0.051910
0.016769
-0.013634
-0.015556
-0.144165
