shape: [b:2, f:1, x:1, y:128, z:1, w:1, u:1, v:1, g:1] (count: 256, addr: 0xffffaaad573be000, original format: bfyx)
0.114563
-0.044464
0.051849
-0.104126
-0.044769
0.126831
-0.090027
0.038666
0.112366
0.005939
0.054901
0.157959
-0.125122
-0.020859
0.118286
-0.075256
0.171875
0.026154
-0.051208
0.005135
0.037384
0.157227
-0.065491
-0.132080
-0.022141
-0.020859
0.012840
-0.064697
-0.068848
0.063538
-0.055847
0.037872
-0.009468
-0.268799
-0.082642
-0.052002
-0.052307
-0.064819
0.045898
-0.000481
0.031281
0.069031
-0.049438
-0.042999
-0.018463
-0.105469
0.021347
-0.183105
0.065002
0.132202
0.026474
0.036591
-0.032593
-0.067871
0.086975
-0.160767
-0.058746
0.002890
-0.095154
0.001284
0.015083
0.033539
0.030014
0.033539
-0.049591
0.042999
-0.004333
-0.034332
0.068054
-0.128540
0.289795
-0.064697
0.124878
0.012840
0.072571
-0.081177
-0.015564
0.061157
0.031616
0.009308
-0.002087
0.018936
-0.040588
0.081848
-0.119873
-0.013481
0.176392
-0.137695
-0.051208
0.035614
0.069946
-0.040588
0.125610
0.023590
0.007542
-0.124695
-0.165161
0.071899
-0.063538
-0.034668
-0.115417
0.077332
-0.185791
0.040924
-0.032593
0.119873
-0.000803
0.049438
-0.097107
-0.057129
-0.162109
-0.008347
0.076721
0.091797
0.101135
-0.109802
0.136475
-0.059387
-0.009308
-0.157959
0.129150
0.110413
-0.091980
0.004013
0.021027
-0.079590
-0.001925
-0.039154
0.122498
-0.045929
-0.066162
-0.058319
-0.014008
-0.048706
0.057983
0.045441
0.011894
0.008797
-0.092529
-0.038116
-0.048370
-0.175903
0.069702
0.031433
-0.025742
0.032104
-0.160767
-0.082092
-0.067749
0.018570
-0.026230
-0.014008
0.026718
0.098755
-0.008957
0.167480
0.006844
0.061249
0.005703
-0.163574
0.007820
0.147949
-0.017761
0.034210
-0.098389
0.210205
-0.221558
-0.007656
-0.011726
-0.011894
0.022324
0.078064
-0.053925
-0.105896
-0.020859
-0.153320
-0.036804
-0.020859
0.010918
0.128662
-0.155518
0.026886
0.014496
-0.045288
0.107544
0.060120
0.052124
0.115845
0.037292
-0.028992
0.246216
0.036163
0.058167
0.029968
-0.108521
-0.044464
-0.023453
-0.043488
-0.284912
-0.043976
-0.009613
0.009285
0.058472
-0.195312
0.044647
-0.076721
-0.093201
-0.020035
0.002769
0.017273
-0.067444
-0.018250
0.057495
-0.015961
0.005539
-0.070374
0.020859
0.156372
0.031281
-0.326904
0.007820
-0.072510
0.003422
-0.047089
0.019058
0.034058
0.025421
0.054749
0.059631
0.139771
-0.140137
-0.033875
0.040894
0.135986
-0.001304
-0.074585
0.030792
0.041718
0.072144
-0.035828
-0.065796
0.061737
-0.149902
0.015961
-0.010918
0.003584
0.094666
0.045776
-0.011726
0.008469
0.006027
-0.167969
-0.000489
0.032257
-0.124634
0.092834
