shape: [b:2, f:1, x:1, y:128, z:1, w:1, u:1, v:1, g:1] (count: 256, addr: 0xffffaaad573bde00, original format: bfyx)
0.192749
-0.026367
-0.065369
-0.011597
0.188721
-0.009666
-0.047974
0.014236
0.042175
0.141846
-0.020035
0.044464
-0.024948
0.009666
0.175415
-0.112305
-0.071716
0.143188
-0.151855
-0.173950
-0.020920
0.073792
-0.030762
-0.153564
-0.007912
0.058167
0.023376
0.005096
0.115967
-0.025482
0.004921
0.102295
0.085388
0.024948
0.024078
-0.027069
-0.048157
0.013184
0.010719
0.033569
-0.024780
-0.012833
0.098267
-0.026184
-0.006680
-0.002987
0.183716
0.111755
-0.075562
-0.012474
0.187134
-0.053253
0.129395
-0.012833
-0.008614
-0.014412
0.063965
0.077698
-0.108765
0.120239
0.080322
0.159912
-0.072937
-0.023193
-0.059387
0.256836
-0.000351
0.066589
0.014763
0.056427
0.122131
-0.000176
-0.024429
-0.076294
-0.092773
-0.012833
0.027420
-0.130371
-0.073303
-0.040253
-0.034088
0.046570
-0.202148
-0.121094
-0.093872
-0.163818
0.009666
-0.106323
0.046234
0.087341
-0.142212
0.027069
0.037964
0.066406
-0.008614
-0.043579
-0.069214
-0.068542
-0.044800
0.086487
-0.064331
0.094177
0.129517
0.040771
0.049042
0.025131
-0.012123
0.017395
-0.030579
-0.118469
-0.003164
0.021622
-0.058167
0.014763
0.091553
0.039551
-0.057983
0.211426
0.010017
0.039001
-0.097900
-0.059570
-0.029877
-0.016525
-0.056763
0.039551
0.062378
0.274414
0.011635
0.035461
0.017456
0.032471
0.020447
0.220825
-0.074463
-0.002064
-0.234863
0.025330
0.089111
0.125122
0.064575
0.012756
-0.010696
-0.029648
0.111633
-0.098328
0.090088
0.000188
0.263428
0.090088
0.019699
-0.008446
-0.100403
-0.033783
-0.003189
-0.029831
0.072083
-0.018387
0.042603
0.151001
-0.003941
0.014824
0.007507
-0.043732
0.147339
-0.047852
-0.117859
0.025711
-0.104675
0.022522
0.011444
-0.050110
-0.019882
0.007507
0.002439
0.027954
0.055725
-0.050476
0.026825
-0.148926
0.115967
-0.162109
-0.264893
0.096985
0.106201
-0.072266
0.030029
-0.019882
0.099854
-0.008255
0.057220
-0.019516
-0.070740
-0.006004
-0.057800
0.105835
0.120667
-0.007507
-0.173340
-0.036774
-0.046539
-0.006004
-0.014633
0.047852
0.270996
0.080872
0.095337
-0.089294
-0.181396
0.190674
-0.038086
-0.087830
0.024399
0.024200
0.100220
0.095703
0.103027
-0.003002
0.083679
0.012947
-0.096985
-0.088745
-0.154785
-0.088196
-0.043518
0.019135
-0.021759
0.033020
0.152222
0.081421
-0.005630
0.064758
-0.058929
-0.033203
0.016510
0.012009
0.034515
-0.049713
0.087646
-0.006569
0.004505
0.073730
-0.007694
-0.012756
-0.080505
0.035645
-0.083862
-0.119690
0.058533
0.036407
-0.128662
-0.020447
0.032837
0.006943
-0.162354
0.024399
