shape: [b:2, f:128, x:1, y:1, z:1, w:1, u:1, v:1, g:1] (count: 256, addr: 0xffffaaad573be000, original format: bfyx)
-0.019669
0.183350
0.211426
-0.023239
0.009476
0.023590
-0.172485
0.002682
0.003038
0.016800
-0.042542
-0.025208
-0.062012
0.037354
-0.022873
-0.048431
0.039490
-0.018951
0.145874
-0.020203
-0.018417
-0.007687
-0.110474
0.022171
0.040222
0.004646
0.092224
0.038788
-0.029129
0.101196
0.290771
0.128906
0.023422
0.220215
-0.068298
0.056854
-0.004826
0.009651
-0.062195
0.057373
0.027527
0.093140
-0.097961
0.025742
0.069885
-0.052002
0.043427
0.083496
0.003038
-0.146606
-0.077759
0.121582
0.037537
0.047363
0.079712
0.104065
0.128296
-0.008759
-0.024307
0.004826
0.123901
-0.039673
0.016449
0.179077
-0.007687
-0.124207
0.008759
0.000357
0.170044
0.066467
0.053101
0.018585
-0.062561
0.065613
-0.131958
0.002682
-0.140503
-0.112061
0.104370
0.030380
0.067932
0.074707
-0.105286
-0.046295
0.128540
0.072205
0.005543
0.007687
0.055054
-0.022873
0.019669
-0.013588
0.043427
0.028427
0.025208
-0.052185
0.233765
0.071838
-0.032166
-0.173584
0.039856
0.228149
-0.065063
0.024841
-0.132690
-0.092407
0.112427
-0.028961
0.019302
0.048615
0.112427
-0.146729
0.152832
0.021271
0.018585
-0.055237
0.140869
-0.018051
0.057556
0.005184
0.084534
0.101685
0.017334
-0.061127
-0.069519
0.075439
-0.021454
0.049500
0.006771
-0.085388
0.034668
0.017242
0.159302
-0.072449
-0.101562
-0.005951
-0.026672
0.061371
-0.111023
0.003489
0.072449
0.066101
0.014160
-0.123718
0.005951
0.011284
-0.147583
0.039398
0.078613
0.064026
-0.231934
-0.077393
-0.029755
0.024216
0.112244
-0.040436
0.076111
-0.029144
-0.011490
0.078613
-0.001436
0.080627
-0.062378
0.070190
-0.133789
0.240479
-0.115540
-0.044952
-0.113708
-0.129883
-0.031616
-0.080017
-0.068359
0.068726
-0.064209
-0.046783
-0.079651
0.006157
0.050690
0.055817
0.053558
-0.005337
0.015808
0.001436
-0.114075
-0.091736
-0.126831
-0.067322
-0.043304
0.017242
0.229614
0.065063
0.031799
-0.014778
-0.087402
0.037750
0.034271
-0.052734
-0.092957
0.047394
0.022980
0.024414
-0.010262
0.115112
-0.013130
0.154175
0.037567
-0.019913
0.005539
-0.028931
0.025238
-0.097473
-0.058289
0.065491
-0.060944
-0.124756
0.056854
-0.202148
0.020309
0.053986
0.046173
0.024414
-0.057861
0.030365
0.146118
-0.105286
0.172974
0.165039
-0.180786
-0.193359
0.196167
-0.067078
0.125000
0.014572
-0.022369
0.108765
0.040009
-0.109802
0.064453
0.236450
0.091919
-0.039612
-0.038788
-0.137329
-0.027710
0.056030
0.053772
-0.037750
-0.007183
0.011902
-0.018677
0.000821
0.069763
-0.030167
0.024826
0.050903
