shape: [b:2, f:128, x:1, y:1, z:1, w:1, u:1, v:1, g:1] (count: 256, addr: 0xffffaaad573be000, original format: bfyx)
0.111389
0.001044
-0.071716
0.145264
-0.104370
-0.018097
0.024017
0.073975
-0.017929
-0.058289
0.056213
0.046967
0.146118
0.133789
-0.197510
-0.028885
0.008530
-0.269531
0.045776
0.053253
0.053772
-0.009399
-0.001392
0.110657
-0.013748
-0.087158
-0.009918
-0.077942
-0.055511
-0.037048
-0.183350
-0.162720
0.035309
0.290771
0.032715
0.044556
0.026093
-0.079529
-0.065430
0.041595
-0.008179
-0.200317
-0.034973
-0.027496
-0.029053
0.040375
-0.041077
-0.167725
-0.058472
-0.142334
0.053406
0.009743
-0.042114
0.012352
0.036194
-0.028717
-0.038971
-0.099854
-0.048706
0.068054
0.018616
-0.006088
0.083862
0.107727
-0.032715
-0.046814
-0.194580
-0.042267
0.011658
-0.084412
-0.060211
0.052368
-0.155762
-0.043854
0.194580
-0.106995
0.033752
0.108765
0.074646
-0.027664
0.036896
-0.099670
-0.041229
0.089966
-0.084229
-0.078796
0.048706
-0.104919
0.033417
0.015839
0.021744
-0.034973
-0.023315
0.034119
-0.021408
0.071350
-0.016006
0.039673
0.069946
-0.085754
-0.133423
-0.050446
0.044037
0.085266
-0.127930
0.043854
0.215942
-0.035492
-0.045776
0.102295
-0.020706
0.083496
-0.008698
-0.112549
0.114319
0.015488
0.019836
0.156616
0.049927
0.078125
0.043854
0.093933
0.055695
-0.106689
-0.000348
0.033752
-0.119385
-0.025757
-0.027283
0.038300
0.139038
0.098816
-0.065735
0.112427
0.141602
-0.020462
-0.079407
0.009789
-0.027283
0.005245
0.086060
0.032166
0.005070
0.006119
-0.041626
-0.049835
0.029724
-0.033569
-0.037781
0.007519
-0.077454
0.043549
0.151978
-0.038116
0.035309
-0.088623
-0.110840
0.056305
0.112244
-0.091248
-0.006821
0.167725
-0.082336
0.012238
-0.055786
-0.149292
0.194580
0.136230
-0.046692
0.083740
0.090027
-0.040924
0.001399
-0.133911
-0.226929
-0.134766
0.172607
0.113647
0.041443
-0.047546
0.097412
0.005596
0.052795
0.009964
0.068909
0.022552
-0.039154
0.041260
0.016617
-0.018707
-0.125732
-0.031311
0.005070
-0.075378
0.160889
-0.037231
0.040924
0.060669
-0.018890
0.047211
0.011719
-0.043365
-0.020111
-0.035309
-0.126831
-0.044952
0.034454
0.131104
-0.014687
0.017654
-0.183960
0.039703
0.047211
-0.185913
-0.066956
0.106812
-0.045807
0.097595
0.042847
0.017319
-0.004196
0.000875
0.056488
-0.010139
-0.008392
-0.014160
-0.004196
-0.340820
-0.067505
0.098267
0.086914
-0.073120
-0.037079
-0.100220
-0.057526
0.007168
0.062622
-0.080444
0.027451
-0.095459
0.169067
0.083923
0.014511
0.137817
-0.039703
-0.017136
0.122559
-0.141235
0.101440
0.052643
-0.010315
0.097900
0.000525
-0.138672
0.140991
-0.050537
