shape: [b:2, f:1, x:1, y:128, z:1, w:1, u:1, v:1, g:1] (count: 256, addr: 0xffffaaad573bde00, original format: bfyx)
-0.025894
-0.021179
0.146118
-0.082397
-0.053558
-0.021347
0.026779
0.042358
-0.040253
0.042511
-0.013298
0.000700
0.089783
-0.007351
-0.116333
-0.033936
0.104614
0.104309
-0.074219
-0.038330
0.015572
0.010323
0.181274
-0.002100
-0.069458
0.083313
-0.046539
-0.079468
-0.140991
0.002625
-0.023621
-0.068970
0.030273
0.054779
0.033081
-0.042694
-0.175171
-0.152100
-0.059479
0.015221
-0.035004
0.041809
-0.210449
0.073486
-0.064758
0.077148
-0.079285
-0.015572
0.051971
0.070679
0.060364
-0.082397
-0.169556
-0.093262
0.010498
0.067871
-0.120056
-0.001400
0.017319
0.006474
0.027298
0.004025
-0.092407
0.064392
-0.117432
-0.041290
0.033936
0.143677
-0.099060
-0.216797
-0.100281
0.053009
0.022049
-0.044617
0.025543
-0.022568
0.003149
0.117065
0.068420
0.017502
-0.060883
-0.002625
0.217896
0.130371
0.018555
-0.076965
-0.159546
-0.058441
-0.008049
-0.025375
0.044434
-0.028000
-0.041992
-0.063538
0.049347
-0.070496
-0.141357
0.150269
-0.059326
0.039368
0.046021
0.032715
0.086975
0.024673
0.045319
-0.037262
-0.062805
-0.062103
0.235596
0.082764
0.052856
-0.027298
0.056335
0.148926
-0.199707
0.071899
-0.026428
-0.038147
0.159058
-0.125854
0.006824
-0.019592
-0.085205
-0.094849
0.073120
0.014175
-0.258057
0.144409
-0.100098
-0.059235
-0.062561
-0.021912
-0.238281
-0.128174
0.087463
-0.033020
-0.032196
0.098938
0.001659
0.093628
0.049133
-0.046143
-0.029037
-0.004814
0.038177
0.062073
-0.027054
-0.084473
0.088135
-0.223877
-0.070374
-0.009460
-0.168579
-0.113342
-0.067200
-0.021072
0.011116
-0.010788
-0.100403
-0.066406
-0.048126
-0.138550
0.008629
-0.017426
-0.008629
0.177734
0.028214
0.093933
0.108887
-0.050446
0.106873
0.029709
-0.082947
0.141602
0.091797
0.050293
-0.247314
0.000498
-0.029205
-0.056763
-0.016602
0.157349
0.158203
-0.013771
0.068054
-0.017761
0.048798
0.029877
0.058075
0.016434
0.031204
-0.037994
0.088135
-0.039673
-0.113342
0.042145
-0.295654
0.128174
0.083313
-0.087097
-0.020584
0.000166
0.077820
0.082458
-0.023727
0.007801
-0.022064
-0.110840
0.019577
0.085632
-0.042328
0.143433
-0.066406
0.046814
0.028046
-0.051117
-0.016602
0.027710
0.057434
-0.057739
-0.021408
-0.130493
0.083008
-0.021912
-0.020737
-0.082458
0.014435
0.123657
-0.009789
0.076172
-0.054596
-0.134644
-0.000830
-0.048798
-0.019577
-0.008133
-0.040649
0.007301
-0.196655
0.047638
0.084961
0.189819
0.008133
0.114685
0.061737
-0.029037
0.147827
-0.072998
-0.080811
0.063721
0.053436
-0.020416
-0.117798
-0.049469
0.094604
0.128174
