shape: [b:2, f:1, x:1, y:128, z:1, w:1, u:1, v:1, g:1] (count: 256, addr: 0xffffaaad573be000, original format: bfyx)
0.041168
-0.061462
-0.070007
0.020859
-0.040802
-0.121643
0.175659
0.062042
-0.048248
-0.006706
-0.060730
0.014343
0.100769
-0.023849
-0.007820
0.117371
-0.115845
0.073608
-0.059418
-0.000559
-0.015839
0.002607
-0.154053
-0.059052
0.156982
0.043579
0.002235
0.016571
-0.054962
-0.040619
-0.065918
0.054962
0.243408
-0.007263
0.020111
-0.027008
0.028870
-0.014343
0.056641
0.027390
-0.042664
0.044525
0.138794
0.050476
0.061646
0.003166
-0.004845
0.009125
-0.137085
-0.125488
0.086426
0.030365
-0.079712
-0.026642
-0.009689
0.080078
0.079529
-0.014900
0.042847
0.014526
0.116028
0.096497
-0.041168
-0.047882
0.060730
0.056641
-0.137451
0.111938
-0.045258
-0.163330
0.130005
0.025711
-0.272949
0.033722
0.207886
-0.037262
-0.054749
-0.162476
0.040619
0.031494
-0.024963
0.014526
0.050476
0.023849
0.058685
0.037994
-0.088501
0.037994
-0.124817
-0.144043
-0.048615
0.029800
-0.067627
0.020676
-0.065735
-0.076904
0.121460
-0.035767
-0.122192
-0.191284
-0.066711
-0.021606
0.063171
0.211426
0.065002
0.025894
-0.111755
0.073364
0.000373
0.033722
-0.035400
0.067627
-0.021042
0.187256
0.064636
0.003353
-0.072998
0.006893
0.057739
0.090881
-0.089600
-0.128174
0.164062
0.070801
-0.044159
0.169312
-0.144043
0.080444
-0.068909
0.001286
-0.049957
0.070374
0.034180
-0.044098
-0.240601
0.065002
-0.041870
-0.028473
0.006062
-0.006428
0.076965
0.010658
0.006798
0.004593
-0.006428
-0.015060
-0.046478
0.067627
0.105652
-0.036194
0.082825
0.116455
0.064819
-0.065186
0.009735
-0.032501
-0.024063
0.094788
0.057861
-0.247437
-0.019653
-0.131470
0.021866
-0.036926
-0.053284
-0.241211
0.098816
-0.070740
-0.083374
-0.043549
-0.052185
-0.000918
-0.005329
-0.003122
0.179443
0.007717
-0.038574
-0.039490
-0.015976
-0.067444
-0.100098
-0.027374
-0.006062
0.021317
-0.048859
-0.028656
0.061157
-0.011391
-0.060425
0.091858
-0.039856
-0.052551
0.045929
0.067810
0.192871
-0.030670
-0.065186
0.075317
0.015793
-0.142944
-0.066711
-0.007717
0.111877
0.018188
-0.046478
-0.106018
0.121399
0.074402
-0.177124
0.084717
0.055847
-0.016724
0.132324
-0.042999
-0.034912
0.037109
-0.027191
-0.144165
0.010468
-0.007717
-0.038391
0.021317
0.071838
0.054565
0.000918
0.188354
-0.002020
0.078064
0.172729
-0.061157
-0.176514
0.067993
0.144165
-0.214722
0.039124
-0.027740
0.104187
0.012123
-0.138916
-0.150757
0.047211
-0.033264
-0.026093
-0.166382
0.100098
0.178955
-0.156372
-0.095520
0.021118
0.036011
-0.101562
0.098450
-0.113708
-0.033447
0.065979
0.075134
