shape: [b:2, f:128, x:1, y:1, z:1, w:1, u:1, v:1, g:1] (count: 256, addr: 0xffffaaad573bde00, original format: bfyx)
0.054718
0.067566
0.056824
0.031860
-0.210815
0.073730
-0.069702
-0.014252
-0.090942
-0.086548
0.048035
0.029037
0.043457
0.009499
-0.103088
-0.034668
-0.029205
-0.097473
-0.107178
0.136841
-0.022339
0.131226
0.134277
0.030090
-0.012848
-0.017776
-0.041870
-0.192261
-0.003344
0.023575
0.077087
0.037140
-0.032562
0.031494
0.051208
-0.020584
-0.053131
0.143066
0.024628
-0.044159
-0.016357
-0.020065
-0.015305
-0.086548
-0.066528
0.010033
-0.037994
-0.088867
0.020065
0.062286
-0.102783
-0.057190
-0.146973
0.005104
0.026917
0.072327
0.008797
0.035004
0.079163
0.064026
0.142578
-0.050140
-0.220459
-0.077393
-0.002111
-0.150635
0.186523
0.050690
-0.010208
-0.027267
0.055786
0.004749
-0.054718
0.076721
0.113159
-0.270020
0.111755
0.077393
0.047333
-0.172607
-0.007389
0.082520
0.186890
-0.032013
-0.105225
0.023926
-0.093079
-0.084778
-0.022705
-0.110657
0.276855
0.014427
0.018127
-0.076904
-0.101196
-0.127686
-0.184204
-0.114380
0.111206
-0.051910
0.002815
-0.052094
-0.001408
-0.068115
0.030441
0.052246
0.001584
-0.094666
0.107849
-0.110168
0.067566
0.014076
-0.010384
0.171021
0.073364
-0.064575
-0.039062
-0.020416
-0.064392
0.078308
-0.004223
0.025345
0.047150
-0.042572
0.021988
-0.068604
-0.051544
-0.110474
-0.091980
-0.013657
0.088928
-0.126831
0.219604
0.131592
0.009560
-0.025803
-0.075256
-0.017151
0.040527
-0.006828
-0.149780
0.066040
-0.007889
0.032166
-0.281738
0.005310
-0.126099
0.008041
-0.023224
-0.214111
0.052826
-0.001972
-0.200317
-0.028381
0.031860
0.164062
-0.013054
-0.019577
-0.141846
-0.084229
0.088928
-0.096680
-0.042480
-0.040527
0.062805
-0.015778
0.051147
0.039154
0.134521
-0.065735
0.077576
0.067078
0.009407
-0.078003
-0.021240
0.040833
0.093323
-0.032013
-0.078918
0.132935
-0.029587
0.054932
0.162720
-0.064331
-0.040680
0.021698
-0.150024
0.015625
-0.029434
0.014717
0.202759
-0.221069
0.088318
-0.017914
0.003643
0.044464
0.007133
-0.092407
0.108826
0.103027
-0.015778
0.009102
0.026413
-0.074524
-0.040985
0.033539
0.096375
0.041443
-0.083618
0.018066
-0.058716
0.042480
-0.035675
0.063904
-0.091064
0.133301
-0.073730
-0.014870
0.113647
-0.266846
-0.001366
-0.059021
0.014114
0.132935
-0.009407
0.025497
-0.075256
-0.030807
-0.054932
0.135254
0.052063
-0.085144
-0.008804
-0.012444
0.046295
-0.024429
0.026550
-0.018066
-0.066040
0.042786
0.076660
0.018204
-0.078125
-0.004704
0.010017
-0.017151
-0.015175
-0.067078
0.038849
0.232178
0.037781
0.014717
-0.132202
-0.041138
0.035065
0.097900
