shape: [b:2, f:128, x:1, y:1, z:1, w:1, u:1, v:1, g:1] (count: 256, addr: 0xffffaaad573be000, original format: bfyx)
0.110352
0.089050
0.385010
0.110352
0.017242
-0.116638
-0.003735
-0.038513
0.005459
-0.078125
0.010628
-0.105469
-0.006035
-0.333252
0.089661
-0.075012
-0.067505
0.010345
0.049988
-0.004597
0.000287
-0.045410
-0.188477
-0.048828
0.000575
0.023849
-0.113464
0.008621
-0.000000
0.011208
0.084473
0.065247
-0.002298
-0.053162
0.168091
0.033630
-0.024704
0.022125
-0.089905
-0.002586
0.013504
-0.044830
-0.047699
0.051727
0.032745
-0.062073
0.085327
0.032166
-0.114319
-0.083008
0.016373
-0.042236
0.008621
-0.021545
-0.000862
0.144531
0.153198
0.053436
0.044250
0.004883
0.126953
-0.096252
-0.010628
0.000287
0.010056
-0.070984
-0.041382
-0.204224
-0.080750
-0.031311
-0.314697
0.003160
-0.014076
0.058319
-0.041077
0.003448
0.026138
0.014938
0.040802
-0.030167
-0.046844
0.049713
-0.012642
0.029587
-0.012352
-0.001149
0.048279
-0.091370
-0.108032
-0.047119
-0.055725
0.108582
0.060333
-0.071533
-0.029312
0.158936
0.161133
0.111755
0.012352
-0.012932
-0.196777
0.012070
-0.096558
0.022415
-0.082458
-0.023560
-0.010628
0.049988
0.098816
0.007183
0.002586
-0.002586
0.007183
0.058044
-0.035919
0.004883
0.034485
-0.003735
0.115784
0.137939
-0.009193
-0.093079
0.002586
0.016373
-0.004021
0.068359
0.078735
-0.145386
-0.051910
0.084595
-0.035583
-0.020828
0.004807
0.118896
0.010254
0.055450
-0.000641
0.004807
0.038147
0.084595
-0.057037
0.012177
0.001923
0.050629
-0.013779
0.015701
-0.091309
0.159302
0.041351
0.039093
0.063477
0.016342
0.096130
0.078857
0.053192
0.147095
-0.034302
0.051270
-0.099670
-0.292236
0.062805
-0.019867
0.215698
-0.036530
0.059601
0.058960
0.538086
-0.030121
-0.003845
0.004807
-0.007370
0.020187
0.033661
0.079773
0.003204
-0.043579
-0.025955
0.000000
-0.026917
0.099976
-0.115723
-0.023392
0.007050
0.016663
-0.012817
-0.068237
-0.005447
0.059296
0.092285
0.008331
0.021790
0.042297
-0.016663
0.018906
0.017303
0.006409
0.013138
0.024673
-0.093262
-0.314697
0.000320
0.016983
-0.007690
0.176636
0.003204
-0.109314
0.011856
-0.071472
0.000641
0.032684
-0.169189
-0.060242
-0.055450
-0.117615
-0.021790
-0.014099
-0.022751
-0.017944
0.005447
-0.014740
0.002563
0.104797
0.026596
-0.028519
0.051605
0.002243
0.071167
-0.029480
-0.011536
0.061523
0.159912
0.021790
0.003845
0.142578
-0.058014
-0.000000
0.005127
0.029160
-0.022430
0.066650
-0.047119
-0.023071
-0.008652
0.005127
-0.014740
-0.153198
-0.032043
-0.055115
-0.000641
-0.003525
-0.003204
0.111877
0.072083
0.048401
-0.172119
0.009293
