shape: [b:2, f:128, x:1, y:1, z:1, w:1, u:1, v:1, g:1] (count: 256, addr: 0xffffaaad573be000, original format: bfyx)
-0.129639
0.194824
0.005535
-0.125366
-0.013924
0.063416
-0.045959
-0.138550
-0.028351
-0.011070
-0.095764
0.079163
-0.019623
-0.075806
0.097107
0.072632
-0.158325
0.163086
0.182007
-0.027512
0.049835
0.055206
0.088440
0.039764
0.121643
0.062561
-0.036072
-0.054352
0.006878
-0.028854
-0.217529
0.107849
-0.117920
-0.107544
0.109741
0.055023
0.035553
-0.009560
-0.040253
-0.117920
0.018280
-0.161255
-0.082214
-0.037231
0.018448
-0.016434
-0.029526
0.023148
-0.080505
0.044952
-0.079163
-0.062744
-0.062561
0.008217
0.047638
0.053009
0.043945
-0.034546
0.013588
-0.045624
-0.090759
0.006039
-0.068970
0.052521
0.017441
-0.236694
-0.048309
0.193115
0.119141
0.015762
-0.032043
0.117432
-0.158691
-0.038910
-0.205811
-0.036224
0.030365
-0.022141
-0.013924
0.132080
0.022141
-0.040436
-0.053680
-0.147461
-0.041107
-0.009895
0.001510
-0.005032
-0.048981
0.075500
0.018112
0.073669
0.087585
0.002516
-0.035889
0.174438
0.029694
0.093811
-0.090088
0.100159
-0.007549
-0.085571
-0.043610
0.026840
0.011574
-0.052521
-0.057037
-0.020462
0.034210
-0.084717
-0.017441
-0.025330
0.039764
0.084412
-0.100342
0.044952
0.086914
0.001510
-0.090942
-0.166626
0.329590
0.040436
-0.041931
0.036743
0.062408
-0.065247
0.059235
-0.033386
-0.007313
0.112732
0.190186
0.045715
0.024597
-0.013466
0.075623
0.056366
0.094238
-0.064514
0.035736
0.009308
0.031586
0.262207
-0.048218
0.067322
0.074463
0.025101
-0.274658
-0.013962
0.018951
-0.000332
-0.251953
0.018448
-0.051025
-0.038574
0.029587
-0.004154
0.037079
-0.052856
-0.058350
0.163696
0.030579
-0.013298
0.007980
-0.048035
-0.048523
0.051025
-0.513184
-0.083618
-0.007313
-0.024109
0.038055
-0.100891
-0.034912
0.008812
-0.182007
0.099060
0.111511
-0.034393
0.032074
0.064636
-0.051544
-0.000166
-0.050354
0.042542
-0.028091
0.072327
-0.049042
-0.039886
0.063660
-0.052856
-0.083435
0.012299
0.035065
-0.074829
-0.074280
-0.035736
-0.012131
-0.003656
0.036743
0.090271
-0.095886
0.007645
-0.047211
-0.005985
-0.037720
-0.188843
0.023102
0.005154
-0.101562
-0.013634
-0.067017
0.001662
0.062500
-0.054016
0.048859
-0.036224
-0.005318
0.036743
-0.037567
0.045715
-0.098267
-0.060852
-0.050690
-0.045044
0.001828
-0.106079
0.020111
0.005154
0.035065
0.016296
-0.121704
-0.025101
-0.035919
-0.079773
-0.024109
0.032257
-0.044037
0.064148
-0.034912
0.018112
-0.006481
-0.066833
0.245728
-0.127441
-0.017288
0.070984
-0.035736
-0.034088
0.074951
0.003490
-0.049042
0.048370
-0.044037
-0.066650
-0.016617
0.074158
