shape: [b:2, f:1, x:1, y:128, z:1, w:1, u:1, v:1, g:1] (count: 256, addr: 0xffffaaad573be000, original format: bfyx)
-0.098450
-0.018448
-0.107056
-0.129272
0.041290
-0.017899
0.009315
0.080017
-0.097168
0.008400
0.050415
0.166992
0.084045
0.334229
0.023926
0.024658
0.015526
-0.065735
0.035980
0.023560
0.036530
0.132935
0.062103
-0.010963
-0.146729
-0.081848
-0.096802
0.067200
0.041473
0.044586
0.028320
-0.124390
0.198975
0.091736
0.066467
-0.017715
0.019913
0.111816
-0.002010
-0.087524
0.059906
-0.138672
0.066284
-0.008766
0.011505
-0.028687
-0.006210
-0.009132
0.111084
0.001096
-0.027771
0.059174
0.007488
0.017349
0.030502
0.053894
-0.020279
0.090454
0.034149
0.022659
0.101929
-0.005482
-0.049683
0.052979
-0.017532
0.145630
0.062469
0.111633
-0.038910
-0.059540
0.105225
0.052979
-0.001461
0.047302
0.049316
-0.160522
0.131348
0.121460
-0.048401
-0.182129
0.006027
-0.042389
-0.064331
0.018814
-0.029404
-0.011871
0.192383
0.041840
0.036163
-0.071228
-0.089172
-0.192871
-0.050049
0.004932
0.077637
0.063782
-0.078552
-0.088074
0.057007
-0.036896
-0.041290
0.006577
-0.158325
0.002192
0.110901
-0.122009
0.157471
0.005116
0.098999
-0.021744
-0.245483
-0.005299
-0.051880
0.086243
-0.156128
-0.055359
-0.031433
0.042023
-0.092224
0.016617
0.020828
-0.149414
0.105042
-0.077271
-0.008583
-0.140991
-0.084595
-0.067200
-0.133179
0.088867
-0.049652
-0.105591
-0.019592
-0.095703
0.018646
-0.012558
0.061432
0.066956
-0.102539
-0.032349
0.039581
0.080261
0.091492
0.083679
0.044891
-0.018646
-0.016357
-0.095520
0.024734
-0.044708
0.169067
0.041290
0.054230
0.155640
-0.000000
0.024536
0.095886
0.027390
0.030243
-0.007610
0.026443
-0.220337
0.033661
0.071533
-0.003614
0.036530
0.029861
0.062805
-0.081970
0.069824
-0.083679
-0.014458
-0.003805
-0.091125
0.071350
-0.134888
-0.015411
-0.006088
-0.044708
-0.104065
0.090149
0.031403
-0.018265
0.008560
0.040894
-0.009132
0.055359
0.082397
-0.052887
-0.009705
0.160767
-0.002092
-0.020538
0.093994
0.232666
0.095703
0.032349
0.012558
-0.212524
-0.102905
0.019592
0.024155
0.018448
-0.003805
0.128174
0.048309
0.014648
0.011414
-0.031952
0.010269
0.002853
-0.030243
-0.054230
0.032532
-0.031204
0.015030
-0.007610
0.128784
-0.028351
-0.221436
0.015411
0.041473
-0.033112
0.009895
0.092651
-0.147583
-0.167236
-0.053650
-0.200684
0.057465
-0.050232
0.038055
0.042603
-0.014267
0.003044
-0.052124
-0.021881
0.055939
-0.004566
-0.385254
-0.027969
0.057648
-0.131226
0.043549
-0.055939
-0.082153
-0.200073
-0.002283
-0.016556
0.025497
-0.007038
-0.263184
0.030441
-0.021881
0.032532
0.104980
