shape: [b:2, f:128, x:1, y:1, z:1, w:1, u:1, v:1, g:1] (count: 256, addr: 0xffffaaad573be000, original format: bfyx)
0.010963
0.023666
-0.066589
-0.067261
-0.068481
-0.032227
-0.143921
-0.003744
0.042267
-0.040649
0.055634
-0.008156
-0.005886
-0.068481
-0.064331
0.048004
0.031281
0.029419
-0.064331
-0.016052
0.025146
0.158813
0.026611
-0.046021
0.007622
-0.005482
-0.245850
-0.086914
0.057922
0.120483
0.063660
0.047760
0.276855
0.200806
-0.048828
-0.069946
-0.046143
-0.004280
-0.030228
-0.087341
0.030365
0.306641
0.003477
-0.051636
0.003210
0.044128
-0.000803
-0.265381
-0.048553
0.218628
0.125732
-0.085999
0.000803
-0.095642
0.014580
-0.071960
0.023270
0.003744
0.025146
-0.009895
-0.023270
-0.048004
0.004814
0.021393
0.009361
-0.036102
0.008423
0.008293
0.015381
-0.140381
0.176514
-0.036499
0.068726
-0.004814
0.019791
0.031433
-0.059113
-0.011772
-0.141113
-0.028748
-0.079285
-0.047607
-0.013107
0.072510
0.098938
-0.010567
-0.037994
0.097107
-0.032776
0.146240
0.058563
0.089722
-0.137329
0.018188
0.034515
-0.047485
0.208008
0.008560
-0.071411
-0.145386
-0.026077
-0.064087
0.055908
-0.032104
-0.025284
-0.196411
-0.119263
-0.013504
-0.018997
0.064575
0.101135
-0.109375
0.026749
0.052155
0.175659
-0.047211
0.147217
-0.004681
0.027679
0.002808
-0.075562
-0.133057
-0.025818
0.004414
0.030487
-0.012573
0.050690
0.011902
-0.021500
-0.025436
0.045929
-0.033295
0.033966
-0.135010
-0.228882
-0.014931
0.086304
0.039703
0.086975
-0.097961
0.083679
0.074829
0.034790
0.147339
0.015747
0.003609
0.111877
0.027237
-0.008041
-0.035614
0.203735
0.074341
0.036102
0.039215
-0.053650
0.052490
0.066467
0.062683
0.010994
-0.054962
-0.032806
-0.171631
-0.037903
-0.006233
-0.153442
0.172607
-0.256836
-0.011810
-0.111084
-0.048553
-0.033142
0.025925
0.010826
0.256348
0.090759
-0.052185
-0.043640
-0.032990
-0.053162
-0.016083
0.238525
-0.012466
-0.015747
-0.042480
-0.109253
-0.029861
0.081238
0.135742
0.249756
0.046753
-0.027405
-0.065613
-0.045624
0.013618
-0.084167
0.015915
0.037415
0.009682
0.119934
-0.122559
-0.124023
0.027069
0.048248
-0.057739
0.056427
-0.107605
-0.058258
0.075134
0.005413
0.031677
0.065002
0.035126
0.124878
-0.035614
0.004265
-0.050201
0.024933
0.048401
0.020996
0.017227
-0.080383
0.031494
-0.033295
-0.021500
0.005905
-0.156250
0.093201
0.171143
0.140259
-0.144897
0.005905
0.009354
0.183228
0.014435
0.037231
0.063660
0.017227
0.058563
-0.018707
0.068420
0.018372
-0.115845
0.009026
-0.011650
-0.025589
-0.143433
0.104187
0.060547
-0.054962
-0.008858
0.070251
-0.013451
0.020340
-0.132080
0.105652
-0.005413
