shape: [b:2, f:1, x:1, y:128, z:1, w:1, u:1, v:1, g:1] (count: 256, addr: 0xffffaaad573be000, original format: bfyx)
0.044495
-0.129883
0.082092
0.246704
-0.209351
0.065247
-0.144287
0.021698
0.015266
0.004822
-0.020721
-0.033569
-0.033417
-0.158691
-0.146729
-0.132935
-0.074402
0.064087
-0.019760
0.027313
0.029892
0.129883
0.001607
-0.023132
0.063965
-0.017838
0.101074
0.022491
-0.004017
0.012856
0.205322
-0.029892
0.117004
-0.054138
-0.023941
-0.052063
-0.094971
0.044342
0.033569
-0.002089
-0.007874
0.121460
-0.085815
-0.006908
0.058807
-0.054626
-0.031174
0.058319
0.000482
-0.206787
0.007553
-0.024750
-0.035980
-0.002411
-0.032776
-0.062988
0.111023
-0.067017
0.033905
0.004337
-0.024750
-0.073120
-0.041138
-0.173706
0.048035
-0.027802
0.108643
0.181763
0.160889
-0.024902
-0.040161
-0.026672
0.050934
-0.010124
-0.147339
-0.015427
0.095581
0.077942
-0.049011
-0.099792
-0.062500
-0.044495
-0.112610
0.030533
0.158447
0.022812
-0.115051
0.046112
0.010284
-0.011887
0.049805
-0.117126
0.071838
-0.005623
-0.002731
-0.112183
0.071167
0.029724
-0.108765
0.022018
-0.002731
-0.187622
-0.053497
0.008354
-0.068604
0.150757
0.103333
-0.007553
-0.004662
0.022491
0.149902
0.047241
-0.002571
-0.023132
-0.087585
-0.021378
0.117798
0.075867
0.082092
0.145264
0.226074
-0.125122
0.001767
0.032471
0.023132
-0.205933
-0.029251
-0.086914
-0.055298
-0.100281
0.152344
0.028198
0.100830
-0.060486
0.188965
0.042297
-0.018555
-0.038727
0.035156
0.002855
-0.018372
0.019623
-0.009453
-0.006424
-0.049591
-0.000178
-0.085083
-0.026947
-0.010704
-0.032837
0.032837
0.010345
-0.048706
0.041748
-0.009811
0.059967
0.007492
-0.082947
-0.036224
0.122742
0.026947
-0.112061
-0.000535
0.062439
0.088867
0.199463
-0.384033
0.029617
0.030334
-0.160400
-0.043182
-0.060852
0.013741
-0.029266
0.179688
-0.058350
0.029800
0.124878
0.060852
0.005531
0.043701
-0.000892
0.056732
-0.007137
0.056030
-0.038544
-0.057098
-0.064392
-0.046387
0.018372
0.071167
-0.032654
0.092224
-0.020874
-0.127930
0.005890
0.023911
-0.000714
0.223755
0.139038
0.057465
-0.004284
-0.000178
-0.020691
0.007317
0.122925
-0.041565
-0.065857
0.045868
0.015167
0.010887
-0.094360
0.034607
-0.093689
0.048889
0.034607
-0.050323
-0.332031
0.002142
-0.062805
0.037842
-0.213013
-0.034424
-0.044434
0.031403
-0.126831
-0.052460
-0.151855
0.053345
-0.003033
0.046936
0.077454
0.008209
0.115295
-0.040680
0.069580
0.015701
-0.069946
0.075806
-0.070129
0.069214
0.031403
-0.143066
0.034607
0.000535
-0.067993
0.021240
0.071167
0.045685
-0.002499
-0.062805
-0.196411
-0.064758
-0.014099
-0.179077
0.123657
