shape: [b:2, f:1, x:1, y:128, z:1, w:1, u:1, v:1, g:1] (count: 256, addr: 0xffffaaad573bde00, original format: bfyx)
-0.012833
-0.032501
-0.039520
0.034546
0.050812
-0.095154
-0.048065
-0.065674
-0.027710
-0.080566
-0.005302
-0.025146
-0.023788
0.019333
0.041565
0.015747
0.092224
0.191406
0.010437
0.037476
0.028061
-0.004276
0.066406
-0.078186
0.023270
0.002737
-0.015747
0.024292
0.213501
-0.004620
-0.032349
0.076294
0.160645
-0.016769
0.129639
0.066406
-0.027206
-0.204590
0.012146
-0.018311
0.104187
-0.070129
-0.036621
-0.018143
0.066711
-0.014717
0.112244
0.141479
0.000855
0.007015
0.013519
0.068970
-0.073547
0.026184
0.030792
0.023270
0.167358
0.055786
-0.105896
0.098877
0.007874
0.111389
-0.125610
0.034912
0.136353
0.015747
-0.006500
-0.158081
0.005302
-0.018814
-0.151611
0.012321
0.063965
0.057312
0.008209
0.169189
0.127808
0.146484
0.010094
0.068115
-0.034210
-0.092712
0.073059
0.121155
-0.058350
-0.126953
0.088806
0.028229
-0.034729
0.178955
0.079712
0.005135
-0.028580
0.022415
0.040375
-0.048431
-0.190308
-0.011635
-0.092712
-0.001369
0.046204
-0.032166
0.097351
0.038483
0.036102
-0.010948
-0.041931
-0.206543
0.192871
0.050812
0.138428
0.009407
0.003422
-0.033356
0.081421
-0.026520
0.034729
-0.102295
-0.035919
-0.102966
0.011292
-0.075439
-0.170898
0.070679
0.007874
-0.050476
-0.349365
-0.079224
0.166382
0.039856
-0.021088
-0.077576
-0.260498
0.006733
0.146484
0.122620
0.047485
0.028885
-0.125977
0.025513
-0.079712
0.012932
-0.011696
-0.185791
-0.158569
0.078125
-0.038971
-0.081116
0.108398
-0.025696
-0.102234
0.009567
0.190308
0.002480
-0.043579
-0.014702
0.037567
0.015762
-0.047302
-0.007263
0.059875
-0.073364
0.005138
0.022141
0.004429
-0.173096
-0.089661
-0.044647
0.093872
0.067688
0.152954
-0.090515
-0.043762
0.183228
-0.034027
-0.042877
-0.008682
-0.071411
0.036865
0.013641
0.018784
-0.049255
-0.005669
0.075989
-0.081482
0.068909
-0.070679
0.062195
0.075134
-0.000886
0.114990
-0.025330
-0.113403
0.068359
-0.028702
-0.030472
-0.001240
-0.034363
0.192993
-0.171021
-0.032410
-0.011162
0.016479
-0.006554
-0.342529
0.054932
-0.101685
-0.050842
-0.014702
-0.151855
-0.049438
0.050140
0.110046
-0.060577
-0.001595
-0.052094
-0.036316
-0.064148
-0.019669
-0.229980
-0.019836
0.029587
0.029053
0.136108
0.037750
0.041992
-0.005848
0.082031
0.060944
0.070862
0.044830
0.040222
0.080811
0.005314
-0.042328
0.022324
-0.101501
0.029236
-0.046051
-0.161011
0.140137
-0.005314
0.039673
0.040039
-0.017715
0.036133
0.000709
-0.049774
-0.104187
-0.039154
0.083435
0.027283
-0.027985
0.022507
-0.025330
-0.198730
