shape: [b:2, f:128, x:1, y:1, z:1, w:1, u:1, v:1, g:1] (count: 256, addr: 0xffffaaad573be000, original format: bfyx)
-0.044281
-0.154541
-0.106506
0.050201
-0.018860
-0.042755
-0.068298
-0.017044
0.012627
-0.031342
0.012016
-0.130249
-0.115784
0.029663
0.026932
-0.043060
0.046692
0.018860
0.075439
-0.036346
-0.012169
0.144409
-0.030731
0.065125
-0.027527
0.121521
0.108643
-0.023727
0.062073
-0.044586
-0.101624
0.051422
0.115479
0.216919
-0.002131
0.054779
-0.015823
-0.013992
-0.025101
-0.088257
-0.006542
0.325684
-0.117615
0.046234
-0.029510
0.025253
0.002739
-0.145264
-0.100830
0.062683
0.072571
0.077148
0.007607
0.050964
-0.002890
-0.028595
0.099060
0.089600
0.019775
0.039551
0.040009
-0.005627
-0.013084
-0.038788
-0.062683
-0.025558
-0.077759
0.158691
-0.080750
0.057800
0.041077
-0.032867
-0.047607
-0.035126
0.003803
-0.029510
-0.056274
0.023422
0.130127
-0.016586
-0.040314
-0.004410
-0.027832
-0.022064
-0.006996
0.001065
-0.205933
0.012474
-0.082153
-0.120605
-0.057953
0.013084
0.029358
0.029510
-0.012474
0.168091
0.086548
-0.025558
-0.238159
0.117920
-0.049133
0.003498
-0.123962
-0.006542
-0.142822
-0.001217
0.031799
0.111633
-0.011406
0.060394
0.032257
0.120789
-0.109497
0.151611
0.054626
-0.029663
0.087341
0.003803
0.127686
-0.315674
0.001521
-0.184937
-0.085815
-0.007912
-0.039093
-0.074402
-0.177124
0.011253
-0.007996
-0.225098
-0.047821
-0.106140
-0.078186
-0.015991
0.201050
0.023392
-0.012436
0.044861
-0.035980
0.096497
0.095764
-0.178101
-0.138428
0.010361
0.021606
-0.003998
0.018356
0.011543
-0.064270
-0.104187
0.026642
-0.040253
-0.013321
-0.006809
-0.060699
-0.002813
0.037445
-0.026062
-0.027985
-0.286865
-0.008141
-0.238281
-0.063232
-0.010361
0.045898
0.033173
-0.276611
-0.120483
0.018204
-0.017319
-0.012291
0.077881
0.007996
-0.067383
0.037018
-0.128052
0.102417
-0.030502
-0.080383
-0.091187
0.122131
0.002073
0.016434
0.010361
-0.100098
-0.065735
0.014061
0.152588
-0.028870
-0.016144
-0.081726
-0.035980
0.025314
0.031830
-0.139893
-0.037018
0.047821
-0.006218
0.106018
-0.130127
0.079468
-0.016724
-0.082153
0.007401
0.109863
-0.136963
0.002665
-0.004589
-0.014511
0.061737
0.116638
-0.112488
-0.038055
-0.088379
-0.021164
0.021164
-0.002073
-0.043823
0.013618
0.002369
-0.114441
-0.015251
0.044250
-0.051666
-0.090576
-0.133789
-0.072693
0.132812
-0.090332
0.007996
-0.188721
0.039520
-0.088806
-0.221924
0.069580
0.062469
0.046051
-0.003849
0.010658
0.206543
-0.013618
0.011841
0.187866
-0.075500
0.004440
-0.106262
-0.013618
0.022507
0.017914
-0.037750
0.019989
-0.077393
0.039978
-0.080261
0.052246
0.001925
