shape: [b:1, f:64, x:1, y:2, z:1, w:1, u:1, v:1, g:1] (count: 128, addr: 0xffffaaad5750c400, original format: bfyx)
9640.635742
10753.626953
8467.680664
9548.863281
6948.249512
5991.510254
5385.133789
5466.348633
6129.656250
6383.132812
5473.974121
6051.496582
6015.396484
6247.078613
5333.189941
5242.598633
5421.199707
6005.302246
5534.141113
5744.448242
4822.396484
5390.029297
5437.356445
5660.155762
5534.798340
5863.962891
5174.523438
5917.459473
5303.949707
6534.391113
5684.837891
6954.131348
5590.217773
5763.074219
5056.009277
6175.429688
5838.414062
5867.317383
5318.339355
5335.920898
4446.628906
5733.579590
5100.939453
5368.457031
4824.745117
5559.102539
5104.387207
4967.355957
6106.987793
4679.502930
5639.335449
5847.301270
6250.217285
6163.912109
6037.727539
6189.070801
5629.163086
5577.607422
4811.612793
7167.277832
5629.503418
6694.577148
4662.095215
6693.270020
5306.628906
6198.530762
5417.944336
5749.305176
4487.501953
5505.269531
5648.166992
6281.063965
5331.457520
6217.767578
6017.754883
4925.381836
5751.249512
5753.781250
4366.784668
6129.313477
5750.140137
5477.789551
5547.616211
6448.377441
5997.865723
6885.750000
5391.521973
5987.027344
5314.178711
5814.937012
5547.545410
6087.117676
4995.773438
6075.421875
5339.179688
5904.430176
5033.241211
6355.558105
5426.055176
6508.604492
6025.778320
5986.639160
6016.908691
5914.473145
6022.379883
5345.460449
4732.583984
5208.098633
5356.030762
6797.081055
5469.136230
5950.603516
5811.850098
5963.081543
5949.733398
5731.971191
5801.578125
6059.913574
5835.875977
6193.081055
6051.938477
6117.447754
6289.019531
6751.483887
5467.219727
6100.333496
5098.918945
6126.980469
