shape: [b:2, f:128, x:1, y:1, z:1, w:1, u:1, v:1, g:1] (count: 256, addr: 0xffffaaad573bde00, original format: bfyx)
0.066467
0.014297
-0.213867
0.008438
-0.059753
0.043060
0.265137
-0.013954
0.008270
0.002583
-0.043732
-0.050293
-0.093201
-0.033752
-0.054932
-0.174316
-0.048920
0.017914
0.053406
-0.016022
-0.013954
0.008270
-0.116272
-0.096252
-0.065125
-0.055786
0.012741
-0.074219
0.055817
-0.134644
-0.034271
-0.157959
0.038910
-0.011024
-0.034271
-0.052887
0.021866
0.042206
-0.030487
0.011536
-0.028763
0.024628
-0.076660
0.135254
0.008781
-0.005341
0.129028
-0.225952
0.068726
-0.028244
-0.146240
0.012741
0.146240
-0.131958
0.016708
-0.129150
0.012054
-0.003099
0.101440
-0.065125
-0.152466
-0.033234
-0.053558
-0.092834
0.099182
0.209839
-0.020157
-0.026001
-0.046844
-0.007580
-0.129028
-0.096802
0.021698
0.058044
-0.079041
-0.068359
-0.181519
-0.032196
-0.015671
0.047882
-0.072876
-0.128418
-0.107483
0.205078
-0.047546
0.099731
0.016876
-0.030136
0.007061
-0.103333
0.281494
0.036499
-0.023071
0.035309
-0.001722
0.125366
-0.003616
0.003960
0.185669
0.038422
-0.076294
-0.035309
0.005856
-0.014297
-0.045807
-0.030655
-0.079590
-0.064575
-0.172241
-0.085571
-0.050476
0.014809
-0.034454
0.009644
-0.108826
0.006027
-0.036682
-0.036163
0.037018
0.075806
-0.024979
0.065247
0.140747
0.112488
-0.044617
0.033081
-0.017914
0.092285
-0.077515
0.005283
0.121887
0.043884
-0.012489
-0.155029
0.019379
0.001441
0.002083
0.022736
-0.109680
-0.141113
0.148560
-0.049164
-0.132568
-0.009605
-0.101868
0.041962
0.018570
0.104431
0.003683
0.000801
0.077820
0.016174
0.040680
-0.092896
-0.085510
0.057648
0.006084
-0.003523
0.117737
-0.018570
-0.001441
-0.062927
0.059082
0.108765
-0.055878
0.105042
0.082642
-0.076538
-0.002083
-0.155151
-0.040039
0.005604
0.154907
-0.099121
-0.029144
-0.033936
-0.210449
0.033966
0.023224
-0.029144
-0.027069
0.110168
-0.043243
0.004005
-0.241333
0.020340
-0.044830
0.039551
0.166870
-0.012970
-0.119934
-0.203735
-0.003042
-0.035400
0.097839
-0.027390
-0.012650
-0.157715
0.128784
0.139648
-0.055573
-0.001281
0.017136
-0.003042
-0.045319
-0.024506
-0.094788
0.169922
0.127197
0.025787
-0.047729
0.004482
-0.104919
0.088074
-0.046295
-0.113037
-0.043396
0.062927
-0.110840
0.313477
0.079895
-0.042114
-0.023865
0.038910
0.049164
0.021774
0.094482
-0.154419
0.009766
0.030594
0.004166
-0.044525
0.032990
-0.028503
0.068848
-0.075562
-0.047089
0.022263
0.100281
-0.039062
0.016022
-0.137451
0.058929
-0.040985
-0.022263
-0.020172
-0.002722
0.196533
0.011368
-0.056061
0.078491
0.019699
0.011688
0.138672
-0.206787
0.023224
