shape: [b:2, f:1, x:1, y:128, z:1, w:1, u:1, v:1, g:1] (count: 256, addr: 0xffffaaad573be000, original format: bfyx)
-0.061768
-0.165161
0.109680
0.036865
-0.062103
-0.040222
0.172363
-0.035919
-0.008461
-0.009254
0.015327
-0.003672
0.004471
0.019470
-0.066101
0.121155
-0.064819
0.088745
-0.000798
-0.065308
-0.032074
-0.107422
-0.031616
0.034149
0.138672
-0.035767
-0.130249
-0.000319
-0.000798
-0.012932
-0.001436
0.006386
0.005108
0.130615
0.086975
-0.076294
-0.055237
0.092590
0.011017
-0.099304
-0.042633
0.089722
0.212891
0.059540
0.030807
-0.024261
0.046936
0.059235
-0.120178
0.101013
-0.019470
-0.011971
0.074524
0.038147
-0.028580
-0.049316
0.044220
-0.090637
-0.194458
-0.022659
-0.086975
-0.007183
0.031433
0.031433
-0.020584
-0.084290
-0.162842
-0.093201
0.122742
-0.061920
-0.132446
-0.012772
0.245850
0.033997
-0.150635
-0.127319
0.171875
0.012932
-0.120850
0.003990
-0.049469
-0.124023
-0.099915
-0.059540
0.082031
-0.013252
0.168701
0.119568
-0.075684
0.197754
0.092590
-0.038300
0.034332
0.008461
0.029053
0.071838
-0.085083
0.092590
0.044067
0.072632
-0.143555
-0.019318
0.126587
0.015961
0.001916
-0.074707
0.135376
-0.022827
-0.002394
0.021225
0.075684
0.069580
0.140015
-0.045502
0.134888
0.000160
-0.079041
0.004471
-0.027298
0.212646
-0.086182
0.015961
0.104370
0.124329
0.054749
0.105164
-0.039429
-0.118286
-0.181152
0.117493
0.024719
-0.012962
-0.078796
-0.057312
0.050446
0.034637
0.027344
0.130859
0.163452
0.087891
0.029175
0.049011
0.007896
-0.080444
-0.057312
-0.041718
0.254395
0.025528
-0.119690
0.030594
-0.099487
0.003241
0.119507
0.104553
-0.028366
-0.017014
0.014786
0.045380
0.040710
0.123962
0.036865
-0.053680
-0.106323
-0.082825
0.086487
-0.017212
0.040924
0.038879
-0.038696
-0.058746
-0.152588
-0.100647
-0.016617
0.023697
-0.040924
0.124573
0.123779
0.226929
0.017014
0.053070
0.034027
-0.007294
0.049835
-0.005672
-0.100464
-0.099487
-0.024506
0.042145
0.121765
0.125000
-0.083069
-0.006077
0.105957
-0.106934
0.099243
-0.126953
0.053894
-0.003038
-0.019653
-0.140015
0.033630
-0.035248
0.119690
-0.131714
-0.087524
-0.110168
0.004658
-0.141357
0.050232
-0.039093
0.074158
0.045593
-0.030792
0.093994
0.068237
-0.052673
-0.043945
0.057739
0.020264
0.073914
0.122986
-0.105957
0.022278
-0.034027
-0.004860
-0.111816
-0.098267
0.021667
-0.120728
0.090942
0.032806
-0.006886
-0.093201
0.058960
0.070068
0.112854
-0.015190
0.236450
-0.039490
-0.012360
0.022690
0.077576
0.022491
-0.097046
-0.064819
0.126831
-0.136475
0.196045
-0.002026
-0.027954
0.043945
0.224487
0.099243
-0.057922
0.021469
-0.068665
