shape: [b:2, f:128, x:1, y:1, z:1, w:1, u:1, v:1, g:1] (count: 256, addr: 0xffffaaad573be000, original format: bfyx)
-0.027145
-0.299316
0.217896
-0.091614
-0.022476
0.183594
0.026627
0.094055
-0.011932
0.129517
0.021439
0.025589
0.148315
-0.088867
0.068970
-0.082825
-0.022827
-0.040283
-0.142822
0.022308
0.030426
0.125000
0.024033
-0.061035
0.105103
-0.018326
-0.051880
0.114319
-0.016602
-0.120667
0.126221
0.005531
0.075195
0.074524
-0.123962
-0.111511
-0.102173
0.101685
0.058960
0.009338
-0.067932
-0.063477
-0.014694
0.043213
-0.042023
0.088867
-0.020233
-0.096313
-0.057220
0.180298
0.010025
-0.011414
-0.007435
0.042023
0.006569
0.014175
-0.113403
0.073853
-0.011932
0.030426
-0.029053
0.017288
0.014694
-0.000346
-0.078003
-0.051514
0.180542
-0.061737
-0.095276
-0.079529
-0.095459
0.000691
-0.044769
-0.035095
0.099060
0.077454
0.072815
0.070557
0.076782
0.066895
0.035614
0.033203
0.096313
0.033203
0.039062
0.000691
-0.109436
-0.032837
0.139160
-0.027313
0.102722
0.070374
-0.163208
-0.028351
-0.085754
0.048248
0.108948
-0.056885
0.195679
-0.067261
-0.044098
0.050476
-0.127197
-0.104248
0.082642
0.272461
0.064148
-0.011414
-0.010719
0.062927
0.029053
-0.015564
-0.017456
-0.096802
-0.107910
0.028351
-0.059143
-0.028702
-0.047028
0.002420
0.240845
0.024551
0.010376
-0.086975
-0.019882
-0.048065
0.033722
0.090576
-0.074768
-0.187866
0.030701
-0.061951
0.030334
-0.085938
-0.058868
-0.005959
-0.028000
-0.029251
-0.009033
-0.086121
0.029434
0.354736
-0.050385
0.005600
-0.012283
0.000361
0.101135
0.021317
-0.045319
0.066467
-0.114319
0.039001
-0.000542
0.104919
-0.052917
0.074951
-0.013908
-0.139282
0.072449
-0.016434
-0.059052
0.099487
0.027084
-0.009033
0.322266
0.146973
-0.178833
-0.062683
0.008308
-0.115601
0.028168
0.028168
-0.042450
-0.197754
0.034302
-0.121155
-0.007767
-0.072449
0.016434
0.024017
0.014267
-0.008308
0.061401
0.015167
0.174438
0.032867
0.020584
-0.077087
-0.026550
-0.057800
0.037018
0.039001
0.057251
0.004517
-0.209351
0.012459
-0.098633
-0.016068
-0.059784
-0.005417
-0.002890
-0.001445
-0.044800
0.078369
0.122803
0.149780
0.026917
0.002890
0.004875
-0.034485
-0.281982
0.042450
0.036835
0.052002
0.021484
0.016800
-0.033051
0.096252
0.007767
-0.013184
-0.016434
0.088135
0.002348
0.040100
0.016800
-0.126465
-0.086121
-0.272705
0.020050
-0.050751
0.014267
0.003250
-0.070618
0.040802
-0.079834
-0.087402
0.004517
-0.130005
0.110718
0.106567
-0.012825
-0.030701
-0.132202
0.081970
-0.022751
0.000542
-0.058167
-0.011742
0.049133
0.016617
-0.024734
-0.045868
0.078918
-0.077271
-0.027817
0.000542
