shape: [b:4, f:256, x:1, y:1, z:1, w:1, u:1, v:1, g:1] (count: 1024, addr: 0x7fffab4c8c00, original format: bfyx)
0.014595
0.018204
0.008446
0.006878
-0.012627
0.009880
-0.006981
0.014008
0.008354
-0.004200
0.000162
-0.007668
0.008232
0.004395
0.001728
0.008034
-0.001130
0.003017
0.002888
-0.014954
0.000771
-0.004131
-0.002184
-0.007084
0.000135
-0.003029
-0.003525
0.000382
-0.005955
0.012192
0.015190
-0.022430
-0.012741
-0.003139
-0.004234
-0.000853
-0.003294
-0.001133
0.007488
-0.004635
-0.004051
-0.012199
-0.002386
-0.001937
-0.007622
-0.001827
0.014046
0.003298
0.002907
0.008102
0.006927
0.007858
-0.007000
-0.003080
0.000961
0.004433
-0.002697
0.010391
-0.016022
0.005577
-0.004578
-0.011841
0.007610
-0.010422
0.008698
-0.001659
0.000195
0.005600
-0.003895
-0.012444
-0.007523
-0.015640
-0.002357
-0.017822
-0.002800
0.000803
0.005005
0.013161
-0.009323
0.009323
0.008446
0.000579
0.001237
0.006920
-0.006191
-0.007702
0.002296
-0.000089
-0.005573
-0.003790
-0.003862
0.010628
0.016068
-0.005898
-0.004898
0.008270
0.016678
0.001481
0.002142
-0.006783
-0.013397
0.001703
-0.001850
-0.006161
-0.010529
0.013412
-0.011848
0.011559
0.011818
-0.004406
-0.003630
-0.015129
-0.000764
-0.002838
-0.012039
0.009163
0.001318
0.004158
-0.012611
0.012596
0.007248
-0.007458
-0.030579
0.001760
0.001575
-0.017548
-0.008308
0.008247
0.002710
-0.004337
-0.009552
0.004223
0.012032
0.004414
0.005924
-0.015099
-0.008659
-0.018692
0.001422
-0.000783
0.001450
0.008881
0.005226
-0.005157
-0.006924
0.001644
-0.005112
-0.003586
-0.005863
-0.004013
0.005890
0.000772
0.003052
-0.020584
0.012779
0.007141
-0.001023
0.005138
0.020844
0.008072
-0.004444
-0.013397
-0.002655
-0.011177
-0.002699
0.006622
0.014656
-0.013733
-0.012856
-0.009476
0.007286
-0.007782
0.010948
0.000671
0.005569
-0.005219
-0.010063
0.011894
0.012718
0.004505
0.003668
0.000739
-0.014404
-0.000456
0.001232
-0.007809
-0.005955
0.000618
-0.011909
-0.006077
-0.025528
0.007141
0.012466
0.006138
-0.004261
0.002853
0.011467
-0.003513
-0.003847
-0.007896
0.010384
-0.007622
0.002337
0.004715
0.005550
-0.005196
-0.013245
0.005733
0.003641
0.000092
-0.000226
0.014618
0.000288
-0.007805
-0.006046
-0.014336
0.004269
0.005302
0.001474
-0.011589
-0.009010
0.001415
0.007652
0.027878
-0.008904
-0.005573
-0.003889
0.020340
0.013306
0.010208
-0.008667
-0.004429
0.001202
-0.012634
-0.015335
-0.007690
0.005409
0.004810
-0.012131
0.003717
-0.010208
0.002066
-0.011185
0.010818
0.005264
0.004105
0.004425
0.021713
-0.016266
0.007526
-0.015045
0.000535
0.007389
0.013313
0.010010
-0.016052
0.009628
0.002085
-0.009827
-0.005547
0.001711
-0.011353
0.006542
0.009300
-0.005596
0.003139
0.016418
0.012833
-0.003883
-0.002460
-0.015511
-0.005711
0.002571
-0.013031
0.008453
-0.004047
0.015945
0.000822
0.014069
0.006599
-0.010056
0.002661
-0.009377
0.001703
-0.004539
-0.016647
-0.005356
0.004528
0.006516
0.012321
-0.005516
-0.007809
-0.016571
-0.016586
0.006416
-0.005974
-0.012764
-0.008942
0.006557
-0.001614
-0.001019
0.011406
0.008904
-0.001002
-0.011337
0.002855
-0.020493
-0.011406
0.008698
-0.001987
-0.006824
0.001493
0.013687
0.008102
0.010689
-0.001421
-0.000494
-0.010902
-0.005959
-0.024261
0.022476
-0.006290
0.003803
-0.002573
-0.011559
-0.010048
0.000230
0.011391
0.001232
-0.003845
-0.000688
-0.016617
-0.008789
-0.009872
-0.001544
0.003559
-0.014015
0.003666
0.016342
-0.005611
0.002544
0.000809
-0.011841
0.001247
-0.002563
0.003294
0.008591
0.005085
-0.012428
0.019394
-0.001404
0.020737
0.003206
-0.006222
-0.005386
-0.010742
-0.011726
-0.013954
0.001870
-0.004356
-0.002264
-0.000416
0.000669
-0.003956
-0.014870
-0.008560
-0.001679
0.005302
-0.010315
-0.016144
0.014275
-0.007881
0.006672
-0.005836
0.000701
-0.013527
0.007732
-0.010597
0.004265
-0.002851
-0.010834
-0.008797
0.006584
-0.012009
-0.002151
-0.001905
0.018616
-0.002493
0.007710
0.029510
-0.001104
-0.013580
-0.001050
0.008453
-0.006329
-0.011536
0.010796
0.013931
0.023911
0.017319
-0.017075
0.003839
0.001891
-0.012291
0.004379
0.002180
-0.004402
-0.003267
-0.006008
0.000120
-0.001531
-0.007141
0.013550
-0.006390
0.012596
-0.005665
0.006542
0.015442
0.005535
-0.008720
0.002438
-0.007145
0.005219
-0.003408
-0.007996
0.002853
-0.008110
0.001241
-0.015274
-0.001055
0.002335
-0.000624
-0.012543
0.012871
0.000505
-0.003223
-0.017365
0.002876
0.011688
0.000058
0.003187
0.008896
-0.005848
0.004517
-0.001394
0.004795
0.010521
-0.004890
-0.010368
-0.002737
0.000702
-0.014923
0.025101
-0.001143
-0.005878
-0.004498
0.000895
0.004154
-0.009644
-0.002695
0.003494
0.003904
-0.009598
0.001195
-0.024124
0.001900
0.004612
0.010963
0.009071
-0.014153
-0.001591
0.011116
0.008774
0.015205
-0.011131
-0.007507
-0.022430
0.008194
-0.000326
0.010384
0.004410
0.009300
-0.008331
-0.002514
0.006279
-0.008850
-0.015045
0.000650
0.015808
0.010574
0.004688
-0.003273
0.000102
-0.003321
0.012169
-0.011032
-0.004379
0.000012
0.002434
-0.010735
-0.002079
0.010048
0.008774
0.014114
-0.010117
-0.000273
-0.017105
-0.015900
0.022034
-0.002911
0.000005
0.020462
0.008476
0.006084
-0.008270
-0.004826
0.025375
-0.004971
0.000274
-0.006237
0.011154
-0.010033
-0.002703
0.009491
-0.011375
-0.015778
-0.008476
0.003387
0.005798
-0.000880
-0.019653
0.013863
-0.001377
0.012901
-0.017883
0.007374
0.005985
0.012260
0.013000
0.006973
0.017944
-0.013092
-0.016068
0.003080
-0.000102
0.004620
0.007427
0.003077
0.008499
0.001354
0.010994
0.006474
-0.016205
-0.009117
-0.017044
-0.013084
-0.001032
-0.028641
-0.009888
-0.011353
0.005898
0.004337
0.014534
-0.009491
0.010727
-0.000082
-0.001789
0.010483
0.001903
-0.008163
-0.003937
0.000861
0.000126
0.017715
0.005146
-0.014389
0.003511
-0.024124
-0.004890
-0.002100
-0.008263
0.005154
-0.005829
0.003098
0.006706
-0.009377
0.010544
-0.002142
-0.000049
0.002121
-0.002201
0.017761
0.014496
-0.003944
-0.013985
0.002739
-0.003538
-0.010620
0.003086
0.001657
-0.003450
-0.005859
-0.004128
0.007866
-0.005894
-0.001190
-0.013062
0.007023
0.001915
-0.003611
-0.004654
-0.003109
-0.016373
0.005020
-0.017380
0.002197
0.003658
0.010735
-0.007912
0.001850
0.013649
-0.015251
0.013992
-0.007744
-0.009003
-0.000100
0.009552
-0.011116
-0.012779
-0.000541
0.004845
0.000783
-0.021820
-0.000602
0.001150
-0.004402
0.001356
-0.000519
0.000015
0.003344
-0.001781
0.003798
0.009659
-0.014473
0.001356
0.011566
0.005810
0.019135
0.000264
0.000658
-0.017197
0.007603
0.015228
-0.006256
0.013634
0.000765
0.015587
-0.007904
-0.002604
-0.010101
0.012634
-0.002943
0.008354
0.017334
-0.001304
0.008530
0.003431
0.005077
0.001635
-0.004875
-0.002962
-0.001307
0.003023
0.003431
-0.005253
0.004417
-0.005623
-0.005772
-0.014488
-0.003229
-0.000826
0.006874
0.007057
-0.014832
0.003588
0.024063
-0.000560
-0.018082
-0.006100
0.004429
-0.000587
-0.009010
-0.004070
-0.005814
0.001529
0.003824
-0.003687
-0.005760
-0.003616
0.008400
-0.014832
-0.009911
-0.006950
0.004112
0.000743
-0.009010
0.009178
-0.011940
0.013588
0.005341
0.003998
0.005268
0.009842
0.003052
-0.002825
-0.003445
-0.005272
0.003769
0.010094
0.001819
-0.005516
0.010201
-0.006386
-0.012131
-0.010239
-0.010468
0.003300
-0.007538
-0.012512
0.007179
-0.001416
-0.003666
0.006046
-0.008026
0.015617
0.001723
0.007973
0.003399
-0.007229
-0.003872
-0.005539
-0.013870
-0.016190
-0.006260
0.007786
-0.016037
-0.008385
-0.008705
-0.003616
0.012939
0.014656
0.007828
0.017990
0.000092
0.008560
-0.020340
0.004250
0.001888
-0.005226
-0.009338
0.004723
0.005554
0.002193
0.015747
0.005959
-0.011856
0.011070
0.019730
0.011185
0.004543
-0.019058
0.009560
0.009010
-0.008232
0.011543
0.011421
0.008057
0.000012
0.001707
-0.003315
0.001171
-0.008751
0.006565
-0.010330
0.007542
-0.022949
-0.011177
-0.008163
-0.015511
-0.005009
-0.014702
-0.010986
0.000817
0.014404
-0.001174
0.000854
-0.016937
-0.007748
-0.005501
-0.008064
0.000391
-0.005936
0.002869
-0.006115
-0.013145
-0.013748
0.001099
-0.002220
-0.013382
0.008751
-0.005451
-0.006569
0.002182
-0.000543
0.011848
-0.006958
0.004124
0.012863
0.011414
-0.014366
-0.010895
-0.009567
0.002394
-0.012428
-0.006710
0.008377
-0.002563
0.014458
-0.000825
-0.009964
0.003986
-0.019608
-0.013390
-0.009361
0.010033
0.013641
0.007324
-0.010902
0.007988
-0.002363
0.007656
-0.008812
0.016830
0.019287
-0.017853
0.000708
-0.000761
0.001830
-0.017349
0.011276
-0.007416
0.002855
-0.007534
0.023911
0.006805
-0.006443
-0.011505
0.015945
-0.007698
-0.004829
-0.005795
-0.002937
0.006615
0.000401
0.010635
0.007122
0.005070
-0.007385
0.006901
-0.007698
-0.015274
-0.012390
-0.001046
0.015656
0.008881
-0.016068
-0.016113
-0.001423
-0.003521
-0.001157
0.001240
0.015373
-0.017517
-0.004345
0.004639
0.021545
0.007519
0.004875
-0.004635
-0.002079
0.001089
0.007664
-0.017838
-0.000086
0.014915
0.002348
0.001846
0.021652
0.024246
-0.022614
-0.003042
0.004395
0.001686
0.014267
0.013344
0.003511
-0.005661
-0.004944
-0.007793
0.000429
-0.009651
-0.008614
-0.017273
0.002392
-0.013412
-0.020447
-0.005032
0.000745
-0.007641
-0.001897
-0.001107
0.006542
0.010773
-0.006474
0.000206
0.003994
-0.000646
0.001893
0.012398
-0.013229
0.002609
-0.009407
0.001731
-0.015129
-0.011894
0.007030
-0.006222
-0.012718
0.003120
-0.000096
-0.005272
-0.005474
-0.021790
-0.006016
0.014984
0.005917
0.019211
0.011467
0.009354
0.009010
-0.003275
-0.006561
-0.012016
0.002592
-0.006733
0.014717
-0.001984
-0.008003
0.011765
0.006824
-0.009834
0.006390
-0.010040
0.000032
0.009720
0.015625
0.003994
-0.002838
-0.001062
0.016785
-0.007401
0.005219
-0.002499
-0.013145
-0.005154
0.017059
-0.006420
0.001012
-0.004826
-0.008072
0.010048
0.005871
0.006275
-0.005936
-0.000940
-0.005695
0.007118
0.002808
0.003967
-0.008087
0.003292
-0.005684
0.010269
0.006485
-0.008080
0.017075
-0.013687
0.001266
0.006935
0.010910
0.006557
-0.007675
0.012604
0.015373
0.004444
0.006546
0.010048
0.000161
-0.001268
-0.010643
0.007858
-0.012352
-0.004333
-0.002501
-0.006989
-0.004513
0.005730
0.009827
-0.014267
-0.016403
0.000387
0.003410
-0.008835
0.018829
