shape: [b:2, f:1, x:1, y:128, z:1, w:1, u:1, v:1, g:1] (count: 256, addr: 0xffffaaad573be000, original format: bfyx)
0.024231
0.079651
0.031174
-0.105530
0.073181
0.046265
0.087769
0.132446
-0.119263
0.029312
-0.063171
-0.138550
0.038971
0.072327
-0.127563
-0.011009
-0.023544
-0.083008
0.117432
0.042694
-0.014404
0.107056
-0.050995
0.012703
-0.029648
0.059296
-0.015930
-0.038788
-0.002373
0.009491
-0.194946
-0.194946
0.092163
-0.117065
-0.044891
0.065063
0.039825
0.098450
0.024567
-0.003557
0.045563
0.223511
-0.140991
0.007965
0.018295
0.091492
-0.033722
0.026260
-0.005253
0.022018
-0.019485
-0.001355
0.057770
-0.023209
0.032532
0.130493
-0.067444
0.089600
-0.017792
-0.002373
0.036591
0.061340
-0.043030
0.068298
-0.045227
0.056427
-0.228882
0.105408
-0.019821
-0.049469
-0.031006
0.039825
-0.037964
-0.012878
-0.176147
0.008644
-0.125000
-0.094055
-0.104675
-0.053528
0.048126
-0.026428
0.009315
0.225220
0.214111
0.047791
-0.144897
-0.013557
0.045898
0.008469
-0.029312
0.025757
-0.095215
-0.045746
0.088257
0.091492
-0.193848
-0.070618
0.115540
-0.052704
0.091309
-0.026428
-0.231934
0.105896
0.109131
0.038788
-0.015251
-0.037262
0.024567
0.003050
-0.037781
0.144897
0.009827
-0.115723
-0.101135
-0.004745
-0.127075
0.046753
0.149780
0.011856
-0.117432
-0.082153
0.097229
-0.024063
0.021179
0.162109
0.046600
-0.051331
0.098450
0.028809
-0.124756
-0.062164
-0.065918
0.029022
-0.052429
-0.021973
-0.008293
0.073792
0.140259
-0.091003
0.067139
-0.051605
0.049744
-0.076660
-0.075256
-0.020721
0.127197
0.192993
-0.017197
0.028809
0.149048
-0.021133
-0.120850
-0.076660
0.056793
-0.028595
0.054504
0.013268
-0.020721
-0.056366
0.005596
-0.043518
-0.075439
-0.082275
-0.094482
-0.123108
0.052032
-0.079163
-0.044983
0.112549
-0.055542
-0.108398
0.046844
0.008080
-0.067566
0.225342
-0.080811
-0.110046
-0.092224
-0.054932
-0.154419
-0.018234
0.048492
0.032318
-0.129517
0.030670
-0.113770
0.064636
0.016785
-0.060730
0.067749
-0.091187
0.056366
-0.106140
-0.065491
-0.273438
0.025070
0.059906
-0.025497
-0.015129
-0.088257
0.011810
-0.022171
-0.041656
0.011192
-0.091003
-0.088501
-0.036682
-0.023209
0.057007
0.079590
-0.195435
-0.018646
-0.091187
0.016159
0.032745
-0.049103
-0.193604
0.115845
0.096191
-0.056580
-0.076660
-0.011810
0.100281
-0.040009
-0.137451
0.007462
0.084351
-0.043304
0.107178
-0.180908
-0.052216
-0.005802
-0.214722
0.025284
-0.037933
0.002073
-0.009117
0.038971
-0.045593
-0.005596
0.018234
0.202515
-0.013474
0.041870
0.138428
-0.100281
0.094727
0.036255
-0.039795
-0.116699
-0.119995
0.156860
0.144287
0.012436
-0.034210
