shape: [b:2, f:128, x:1, y:1, z:1, w:1, u:1, v:1, g:1] (count: 256, addr: 0xffffaaad573bde00, original format: bfyx)
0.067932
-0.032837
-0.051666
-0.101624
0.023682
0.029556
0.060333
-0.028870
0.062408
0.011063
-0.020920
-0.031616
0.034058
0.014694
-0.060852
0.057037
0.084351
-0.080688
-0.030762
0.017456
0.003630
-0.009682
0.002247
0.042511
0.178833
-0.090027
-0.085876
-0.007778
0.044586
-0.113525
-0.003630
-0.046143
0.128540
0.085388
0.015732
0.072083
0.089905
-0.185303
-0.064270
-0.105957
-0.080383
0.272461
-0.083679
0.105408
-0.009682
-0.004322
0.043030
-0.038544
-0.108521
-0.062042
-0.207397
0.021255
0.087280
0.119751
0.067261
-0.063599
0.125610
0.031616
-0.115784
0.065186
-0.051331
-0.094910
0.000864
-0.000173
-0.014519
-0.098328
0.009850
0.110291
-0.157104
-0.030075
0.021774
0.028519
-0.001210
0.101624
0.025406
0.005531
0.051331
0.012619
0.006741
0.103699
-0.085876
0.000173
0.104370
-0.182739
-0.000864
-0.228516
-0.105591
-0.106628
0.024017
0.133423
-0.014694
-0.008644
0.035431
-0.057556
0.004322
0.030594
0.059967
0.067078
0.175903
-0.182373
-0.025925
-0.004494
-0.054260
0.109558
0.016586
-0.013481
-0.058777
0.141602
0.110291
-0.101624
-0.070496
0.007607
-0.003630
-0.252686
0.093689
-0.008987
-0.040436
0.003456
-0.131470
0.120117
0.076233
0.040802
-0.071533
-0.222900
0.145508
-0.036652
-0.015556
-0.020050
-0.083252
-0.007805
-0.072815
-0.098999
-0.007805
0.084534
-0.111389
-0.094482
-0.393799
0.030243
0.116882
0.104858
0.118225
0.163208
0.040649
-0.198975
0.115601
-0.029099
0.123413
0.063110
-0.018051
-0.109131
-0.033020
0.069946
0.086487
-0.026184
-0.007153
0.087646
-0.085205
-0.011055
0.018051
0.064087
0.004879
-0.150269
-0.061615
-0.009430
-0.137939
0.149780
0.054962
0.010895
0.028610
-0.014961
-0.080811
0.041473
-0.173828
0.046173
0.030243
-0.016586
0.002926
0.051697
0.129761
-0.101318
0.140503
0.033997
0.061615
-0.025848
-0.014145
0.075439
-0.074951
-0.027313
-0.136108
-0.078674
0.185181
-0.055603
-0.110413
-0.030563
0.048767
0.021957
0.059998
0.115784
-0.053986
-0.039185
-0.027481
0.008133
0.010406
-0.048279
0.008621
0.003414
0.051544
0.048767
-0.025040
-0.168091
0.041290
-0.013824
-0.132812
-0.061615
-0.022766
-0.028122
-0.078186
0.005692
0.141357
-0.019028
-0.072205
0.024384
-0.051056
0.149780
0.084045
0.003414
-0.023575
-0.131348
-0.145508
-0.088928
-0.151978
0.071716
0.045380
0.023254
-0.151245
-0.010895
0.010567
-0.105042
0.009270
-0.197021
0.028290
-0.062439
-0.092041
0.048126
0.035767
-0.011055
0.049591
-0.072021
-0.048950
-0.043579
-0.100342
0.040985
0.004391
0.073792
-0.054474
-0.023254
