shape: [b:1, f:64, x:1, y:2, z:1, w:1, u:1, v:1, g:1] (count: 128, addr: 0xffffaaad573f6e00, original format: bfyx)
0.000735
-0.000144
-0.000675
0.000375
0.001079
0.002474
0.001862
0.000659
0.002199
-0.000505
-0.000189
0.000526
0.000900
0.001906
-0.000973
-0.000611
0.000610
0.001963
-0.000208
0.002066
-0.002089
0.001224
0.003027
0.002680
0.002211
0.000034
0.000371
0.001821
-0.003128
-0.001576
0.001738
0.001102
-0.000640
0.001783
0.000501
-0.000552
-0.001277
-0.001374
0.000172
-0.000520
0.000202
0.001783
0.001318
-0.000480
0.002211
0.000034
0.001970
0.001541
-0.002956
-0.002048
0.000718
0.000034
-0.000129
0.002317
0.000225
0.000627
-0.001820
0.000510
-0.001042
-0.001586
-0.001820
0.000510
-0.000633
-0.002377
0.000294
-0.000250
-0.000738
-0.000811
-0.002226
0.001965
-0.002956
-0.002048
0.001862
0.000659
0.000986
-0.000877
-0.002134
-0.000203
0.000900
0.001906
-0.001042
-0.001586
-0.000252
-0.000899
0.000089
0.000363
0.000948
-0.002069
0.000202
0.001783
0.001970
0.001541
0.000172
-0.000520
-0.002956
-0.002048
-0.002127
-0.001089
-0.002089
0.001224
0.000728
0.000772
0.003027
0.002680
0.001571
0.001227
-0.001746
-0.002245
-0.000999
-0.000613
0.001043
0.000440
0.000089
0.000363
0.000089
0.000363
0.000925
0.002251
-0.002127
-0.001089
0.000172
-0.000520
0.003223
-0.000039
-0.000899
0.000598
-0.000014
-0.000386
