shape: [b:4, f:256, x:1, y:1, z:1, w:1, u:1, v:1, g:1] (count: 1024, addr: 0x7fffab5ee800, original format: bfyx)
0.014592
0.018200
0.008447
0.006880
-0.012626
0.009878
-0.006981
0.014008
0.008356
-0.004199
0.000162
-0.007669
0.008229
0.004395
0.001728
0.008036
-0.001130
0.003017
0.002887
-0.014956
0.000771
-0.004130
-0.002184
-0.007084
0.000135
-0.003029
-0.003525
0.000382
-0.005954
0.012190
0.015190
-0.022433
-0.012744
-0.003140
-0.004234
-0.000853
-0.003294
-0.001133
0.007489
-0.004634
-0.004050
-0.012197
-0.002386
-0.001937
-0.007620
-0.001827
0.014044
0.003297
0.002907
0.008105
0.006926
0.007857
-0.006999
-0.003081
0.000961
0.004432
-0.002697
0.010388
-0.016027
0.005577
-0.004577
-0.011843
0.007609
-0.010423
0.008698
-0.001659
0.000195
0.005599
-0.003895
-0.012446
-0.007524
-0.015634
-0.002357
-0.017818
-0.002800
0.000803
0.005004
0.013158
-0.009321
0.009324
0.008445
0.000579
0.001237
0.006920
-0.006190
-0.007703
0.002297
-0.000089
-0.005571
-0.003790
-0.003862
0.010625
0.016074
-0.005898
-0.004899
0.008267
0.016683
0.001481
0.002143
-0.006783
-0.013398
0.001704
-0.001850
-0.006162
-0.010529
0.013416
-0.011850
0.011559
0.011817
-0.004407
-0.003629
-0.015131
-0.000765
-0.002838
-0.012036
0.009160
0.001318
0.004159
-0.012608
0.012592
0.007250
-0.007457
-0.030585
0.001761
0.001575
-0.017551
-0.008310
0.008246
0.002711
-0.004338
-0.009551
0.004223
0.012034
0.004415
0.005925
-0.015099
-0.008661
-0.018689
0.001422
-0.000783
0.001450
0.008881
0.005224
-0.005158
-0.006922
0.001644
-0.005111
-0.003586
-0.005863
-0.004015
0.005892
0.000772
0.003052
-0.020583
0.012778
0.007143
-0.001023
0.005140
0.020843
0.008071
-0.004443
-0.013395
-0.002655
-0.011178
-0.002698
0.006621
0.014654
-0.013732
-0.012854
-0.009476
0.007284
-0.007780
0.010946
0.000672
0.005569
-0.005218
-0.010065
0.011892
0.012716
0.004506
0.003668
0.000739
-0.014408
-0.000456
0.001232
-0.007807
-0.005956
0.000617
-0.011908
-0.006075
-0.025535
0.007141
0.012470
0.006136
-0.004260
0.002854
0.011471
-0.003512
-0.003847
-0.007894
0.010384
-0.007622
0.002337
0.004715
0.005552
-0.005196
-0.013242
0.005732
0.003641
0.000092
-0.000226
0.014615
0.000289
-0.007806
-0.006046
-0.014337
0.004267
0.005303
0.001474
-0.011585
-0.009012
0.001415
0.007650
0.027877
-0.008900
-0.005574
-0.003889
0.020347
0.013307
0.010212
-0.008671
-0.004430
0.001201
-0.012633
-0.015334
-0.007692
0.005411
0.004809
-0.012132
0.003717
-0.010205
0.002067
-0.011188
0.010819
0.005263
0.004103
0.004426
0.021718
-0.016266
0.007526
-0.015044
0.000535
0.007390
0.013316
0.010009
-0.016051
0.009631
0.002085
-0.009827
-0.005547
0.001711
-0.011351
0.006541
0.009299
-0.005596
0.003139
0.016421
0.012831
-0.003883
-0.002461
-0.015510
-0.005709
0.002570
-0.013031
0.008452
-0.004046
0.015938
0.000822
0.014071
0.006598
-0.010054
0.002661
-0.009375
0.001704
-0.004541
-0.016653
-0.005354
0.004528
0.006515
0.012318
-0.005516
-0.007809
-0.016578
-0.016589
0.006416
-0.005973
-0.012767
-0.008943
0.006557
-0.001614
-0.001018
0.011403
0.008903
-0.001003
-0.011335
0.002856
-0.020487
-0.011406
0.008699
-0.001988
-0.006825
0.001494
0.013687
0.008099
0.010685
-0.001421
-0.000495
-0.010900
-0.005958
-0.024263
0.022469
-0.006289
0.003804
-0.002573
-0.011560
-0.010051
0.000230
0.011391
0.001232
-0.003846
-0.000688
-0.016621
-0.008791
-0.009875
-0.001544
0.003560
-0.014017
0.003665
0.016339
-0.005611
0.002544
0.000809
-0.011840
0.001248
-0.002563
0.003293
0.008591
0.005087
-0.012426
0.019402
-0.001404
0.020743
0.003206
-0.006222
-0.005385
-0.010744
-0.011727
-0.013950
0.001870
-0.004356
-0.002263
-0.000416
0.000668
-0.003957
-0.014871
-0.008558
-0.001679
0.005304
-0.010312
-0.016138
0.014273
-0.007881
0.006671
-0.005837
0.000701
-0.013526
0.007731
-0.010596
0.004263
-0.002851
-0.010831
-0.008795
0.006586
-0.012009
-0.002152
-0.001906
0.018615
-0.002492
0.007710
0.029504
-0.001105
-0.013583
-0.001050
0.008455
-0.006327
-0.011536
0.010797
0.013933
0.023905
0.017313
-0.017081
0.003840
0.001891
-0.012291
0.004380
0.002179
-0.004403
-0.003267
-0.006007
0.000120
-0.001531
-0.007141
0.013551
-0.006391
0.012593
-0.005665
0.006542
0.015444
0.005536
-0.008723
0.002437
-0.007144
0.005218
-0.003408
-0.007993
0.002853
-0.008111
0.001241
-0.015270
-0.001055
0.002334
-0.000624
-0.012546
0.012874
0.000505
-0.003223
-0.017359
0.002877
0.011687
0.000058
0.003187
0.008896
-0.005850
0.004515
-0.001394
0.004795
0.010520
-0.004892
-0.010366
-0.002737
0.000702
-0.014922
0.025099
-0.001143
-0.005880
-0.004497
0.000895
0.004154
-0.009645
-0.002696
0.003494
0.003904
-0.009600
0.001195
-0.024123
0.001900
0.004611
0.010964
0.009071
-0.014155
-0.001590
0.011112
0.008777
0.015204
-0.011128
-0.007506
-0.022430
0.008194
-0.000326
0.010383
0.004411
0.009297
-0.008333
-0.002515
0.006279
-0.008853
-0.015041
0.000650
0.015803
0.010571
0.004690
-0.003273
0.000102
-0.003320
0.012167
-0.011033
-0.004381
0.000011
0.002433
-0.010733
-0.002079
0.010046
0.008773
0.014112
-0.010116
-0.000273
-0.017100
-0.015907
0.022026
-0.002912
0.000006
0.020469
0.008479
0.006086
-0.008267
-0.004825
0.025371
-0.004969
0.000274
-0.006237
0.011151
-0.010029
-0.002703
0.009488
-0.011375
-0.015779
-0.008479
0.003387
0.005800
-0.000880
-0.019658
0.013860
-0.001377
0.012905
-0.017882
0.007373
0.005985
0.012257
0.013003
0.006972
0.017940
-0.013091
-0.016074
0.003080
-0.000102
0.004619
0.007428
0.003076
0.008496
0.001355
0.010992
0.006473
-0.016206
-0.009113
-0.017043
-0.013085
-0.001032
-0.028634
-0.009889
-0.011352
0.005899
0.004336
0.014535
-0.009488
0.010730
-0.000082
-0.001789
0.010479
0.001903
-0.008167
-0.003938
0.000861
0.000126
0.017711
0.005146
-0.014391
0.003511
-0.024124
-0.004891
-0.002100
-0.008265
0.005155
-0.005830
0.003097
0.006708
-0.009375
0.010547
-0.002141
-0.000049
0.002121
-0.002202
0.017764
0.014496
-0.003944
-0.013987
0.002740
-0.003538
-0.010624
0.003086
0.001657
-0.003450
-0.005860
-0.004127
0.007862
-0.005892
-0.001190
-0.013064
0.007024
0.001915
-0.003611
-0.004654
-0.003108
-0.016374
0.005019
-0.017384
0.002198
0.003659
0.010733
-0.007910
0.001850
0.013649
-0.015252
0.013993
-0.007742
-0.009000
-0.000100
0.009552
-0.011113
-0.012777
-0.000541
0.004847
0.000783
-0.021814
-0.000602
0.001150
-0.004403
0.001356
-0.000519
0.000015
0.003345
-0.001780
0.003797
0.009661
-0.014471
0.001356
0.011565
0.005809
0.019129
0.000264
0.000657
-0.017195
0.007604
0.015225
-0.006257
0.013632
0.000765
0.015586
-0.007903
-0.002603
-0.010102
0.012632
-0.002943
0.008351
0.017339
-0.001304
0.008530
0.003432
0.005076
0.001634
-0.004874
-0.002962
-0.001308
0.003024
0.003430
-0.005251
0.004418
-0.005623
-0.005772
-0.014489
-0.003228
-0.000826
0.006874
0.007057
-0.014835
0.003587
0.024069
-0.000560
-0.018081
-0.006100
0.004430
-0.000586
-0.009013
-0.004071
-0.005812
0.001529
0.003823
-0.003687
-0.005759
-0.003616
0.008401
-0.014833
-0.009913
-0.006952
0.004111
0.000743
-0.009009
0.009176
-0.011941
0.013586
0.005341
0.003996
0.005268
0.009844
0.003052
-0.002824
-0.003445
-0.005273
0.003768
0.010093
0.001819
-0.005516
0.010201
-0.006387
-0.012131
-0.010242
-0.010471
0.003299
-0.007537
-0.012513
0.007178
-0.001416
-0.003666
0.006045
-0.008029
0.015618
0.001723
0.007971
0.003399
-0.007230
-0.003872
-0.005539
-0.013871
-0.016186
-0.006260
0.007787
-0.016040
-0.008385
-0.008702
-0.003616
0.012937
0.014652
0.007827
0.017989
0.000092
0.008558
-0.020339
0.004249
0.001888
-0.005225
-0.009340
0.004724
0.005555
0.002194
0.015741
0.005959
-0.011854
0.011070
0.019723
0.011188
0.004542
-0.019062
0.009557
0.009013
-0.008234
0.011544
0.011424
0.008055
0.000012
0.001707
-0.003315
0.001171
-0.008752
0.006566
-0.010333
0.007540
-0.022956
-0.011176
-0.008166
-0.015509
-0.005009
-0.014698
-0.010983
0.000817
0.014404
-0.001174
0.000854
-0.016933
-0.007749
-0.005500
-0.008065
0.000392
-0.005937
0.002869
-0.006114
-0.013142
-0.013748
0.001099
-0.002220
-0.013381
0.008750
-0.005452
-0.006571
0.002183
-0.000543
0.011851
-0.006957
0.004122
0.012866
0.011416
-0.014369
-0.010895
-0.009571
0.002393
-0.012425
-0.006710
0.008378
-0.002563
0.014461
-0.000825
-0.009965
0.003986
-0.019602
-0.013388
-0.009364
0.010029
0.013643
0.007325
-0.010901
0.007992
-0.002363
0.007657
-0.008811
0.016834
0.019282
-0.017854
0.000708
-0.000761
0.001830
-0.017345
0.011277
-0.007415
0.002856
-0.007532
0.023914
0.006804
-0.006444
-0.011506
0.015947
-0.007699
-0.004831
-0.005796
-0.002938
0.006615
0.000401
0.010634
0.007123
0.005070
-0.007385
0.006903
-0.007697
-0.015273
-0.012392
-0.001046
0.015658
0.008884
-0.016063
-0.016107
-0.001423
-0.003521
-0.001157
0.001240
0.015373
-0.017516
-0.004346
0.004640
0.021552
0.007520
0.004877
-0.004636
-0.002080
0.001089
0.007663
-0.017834
-0.000086
0.014913
0.002348
0.001847
0.021645
0.024246
-0.022612
-0.003042
0.004395
0.001686
0.014265
0.013344
0.003511
-0.005662
-0.004943
-0.007794
0.000429
-0.009654
-0.008613
-0.017277
0.002392
-0.013409
-0.020444
-0.005032
0.000745
-0.007640
-0.001897
-0.001107
0.006544
0.010775
-0.006472
0.000206
0.003993
-0.000646
0.001893
0.012394
-0.013230
0.002609
-0.009404
0.001730
-0.015126
-0.011897
0.007030
-0.006222
-0.012718
0.003121
-0.000096
-0.005272
-0.005472
-0.021788
-0.006016
0.014985
0.005916
0.019205
0.011468
0.009355
0.009011
-0.003275
-0.006560
-0.012014
0.002591
-0.006735
0.014716
-0.001983
-0.008003
0.011768
0.006825
-0.009833
0.006390
-0.010038
0.000032
0.009720
0.015623
0.003993
-0.002837
-0.001062
0.016789
-0.007401
0.005219
-0.002498
-0.013147
-0.005153
0.017061
-0.006422
0.001012
-0.004826
-0.008074
0.010046
0.005871
0.006274
-0.005937
-0.000940
-0.005696
0.007118
0.002807
0.003969
-0.008087
0.003292
-0.005685
0.010272
0.006483
-0.008080
0.017071
-0.013684
0.001267
0.006936
0.010907
0.006558
-0.007675
0.012600
0.015373
0.004444
0.006546
0.010049
0.000161
-0.001268
-0.010642
0.007859
-0.012353
-0.004332
-0.002500
-0.006988
-0.004514
0.005729
0.009827
-0.014268
-0.016398
0.000387
0.003411
-0.008834
0.018825
