shape: [b:2, f:128, x:1, y:1, z:1, w:1, u:1, v:1, g:1] (count: 256, addr: 0xffffaaad573be000, original format: bfyx)
0.036346
-0.048401
0.085083
0.099731
-0.060608
-0.027374
0.004887
-0.101990
0.008965
-0.060272
0.047729
0.090759
-0.025742
0.159302
-0.011566
-0.063049
-0.104614
-0.066467
-0.116150
0.058167
0.040253
-0.039093
-0.022980
-0.042023
-0.119568
-0.045776
0.021011
-0.007008
0.042542
0.290527
-0.072205
-0.065674
-0.024109
-0.038452
0.103943
-0.045624
0.048553
0.020691
-0.027206
0.043030
-0.044006
0.059479
-0.086548
-0.050995
0.018738
-0.014503
0.051483
0.074951
0.152954
0.051147
0.110657
-0.061920
-0.017441
-0.113098
0.038605
-0.007980
0.074463
0.023468
-0.007496
0.038116
0.118469
0.013039
0.029648
-0.101990
-0.017593
0.182373
0.254150
-0.091431
0.189331
0.286133
-0.137573
0.036011
0.039429
0.007820
0.044983
0.039764
0.038788
0.106384
0.005215
-0.126465
-0.042023
-0.062561
-0.017929
-0.081604
-0.036652
-0.006027
0.152832
-0.003422
-0.044312
0.123169
-0.013359
-0.103943
0.044495
0.034393
-0.011894
-0.111450
0.161621
0.036835
-0.140747
-0.020203
-0.038788
0.027542
0.054260
-0.062866
0.064209
-0.046753
0.004726
-0.012222
-0.003260
-0.048553
-0.117126
-0.050354
0.130981
-0.044647
-0.008965
0.019882
0.060455
0.033722
-0.072693
-0.109497
0.309814
-0.110291
-0.093872
-0.034393
0.024109
0.000000
-0.149048
-0.102966
-0.000000
-0.035828
-0.000546
-0.093811
-0.108154
-0.018539
0.127686
0.023270
-0.069458
0.020721
0.000546
-0.011818
-0.068542
0.257080
0.014725
0.058533
-0.062347
0.010727
0.012543
-0.049438
0.003090
0.015991
-0.039459
-0.019089
0.084717
0.035278
-0.032349
0.057098
-0.019455
-0.085815
-0.021271
0.010178
0.005455
-0.027817
-0.082153
0.185425
0.056183
-0.000182
0.160400
0.030914
-0.037079
0.008362
-0.004181
-0.122375
-0.010544
-0.062347
0.054535
-0.126343
0.069824
-0.000546
0.066162
0.083069
0.066711
-0.069458
-0.065796
-0.032349
-0.066528
0.025452
0.047821
-0.082886
-0.028183
-0.020905
-0.172363
0.019821
-0.019272
-0.032715
-0.161743
0.080750
0.008911
0.016357
0.013451
-0.212036
-0.015640
0.003090
0.071838
0.110168
0.067078
0.185791
0.120361
0.035461
0.215820
-0.006363
0.141113
0.164917
0.028183
0.090149
0.056000
-0.069275
0.032349
-0.245483
0.020905
0.158569
0.139771
0.092163
-0.050537
-0.086182
-0.023453
-0.196167
-0.147095
-0.079834
-0.015823
0.036713
0.149414
0.012909
-0.040009
0.015274
0.020538
-0.128540
-0.042358
-0.052917
0.047455
0.149658
0.023453
-0.042175
0.182739
0.062927
-0.076904
-0.114563
0.195679
0.089478
-0.064331
0.003998
0.001091
0.055817
0.075623
-0.096191
0.041992
0.091614
