shape: [b:2, f:1, x:1, y:128, z:1, w:1, u:1, v:1, g:1] (count: 256, addr: 0xffffaaad573be000, original format: bfyx)
-0.035370
0.338379
0.027451
-0.034393
0.045807
0.096252
-0.039856
0.081848
0.002975
-0.053223
0.111938
-0.083984
-0.060028
0.146484
-0.055878
-0.017853
-0.069763
0.059174
-0.043640
0.021820
-0.013229
-0.051422
-0.030426
-0.014877
0.151245
0.080322
-0.191772
-0.054565
-0.095581
0.184204
0.083679
0.136719
-0.020660
-0.141479
-0.020660
-0.089294
-0.023148
0.029099
0.029266
-0.140991
-0.033569
0.044800
-0.062805
0.019836
-0.038849
0.019669
-0.024796
0.100830
-0.005951
0.088135
-0.062988
0.161255
-0.019012
-0.014221
0.027771
-0.101196
-0.079834
0.074707
0.051422
-0.028442
0.101379
0.009758
0.012238
0.080872
0.034729
0.098877
0.174072
0.108765
-0.303955
-0.034546
-0.090088
-0.041168
-0.016693
-0.042328
0.136841
-0.029266
-0.093262
0.027283
-0.030746
-0.107971
0.059021
0.136108
0.143677
-0.015541
-0.095215
-0.047943
0.062164
0.089966
-0.113892
-0.096191
0.031250
0.005291
-0.031082
0.009094
0.030426
-0.103638
-0.045135
-0.038025
-0.127075
-0.034882
-0.111450
0.005455
-0.069946
-0.065002
-0.017853
0.085449
0.060333
0.040497
-0.015541
0.035370
0.023315
0.070435
-0.038361
0.078857
-0.054718
0.024139
-0.022812
-0.071228
0.056366
-0.288574
-0.034546
-0.100159
0.057526
0.080322
0.042664
-0.090271
-0.031250
0.079712
-0.068909
-0.107910
-0.093811
-0.096680
0.010521
0.058044
0.217529
-0.005260
-0.007618
-0.007980
0.057159
0.088684
0.018326
-0.031204
0.082153
0.059692
0.026123
-0.017410
-0.009796
0.077820
-0.072205
-0.028488
0.095581
0.061859
-0.085449
0.068054
-0.088013
0.037384
0.020859
-0.098511
-0.011612
-0.118103
-0.008347
-0.099426
-0.047516
-0.003990
0.159790
0.069275
-0.076904
-0.099243
0.035004
-0.123352
-0.106689
-0.026123
0.074768
-0.155518
0.072571
0.044250
0.082703
0.029572
-0.090149
0.034119
-0.226196
0.015236
-0.066772
0.032654
0.019226
0.075623
0.028656
0.157227
-0.077454
-0.085815
0.023941
-0.046997
-0.009254
0.021042
0.051331
0.018326
-0.028656
0.015602
-0.044617
-0.145142
0.036835
0.041901
0.186646
-0.079468
0.056427
-0.179932
-0.086182
-0.081604
0.067322
0.015961
0.010887
-0.068726
-0.051331
-0.011246
0.024673
-0.076355
0.039368
-0.030121
-0.007439
0.005623
-0.076355
-0.162598
0.062744
-0.062744
-0.050598
0.214844
0.102661
-0.095947
-0.023224
-0.082886
-0.226929
-0.080383
-0.073303
-0.255127
0.084717
0.018143
0.082703
-0.190063
0.112122
-0.025040
0.048248
-0.024490
0.167603
-0.181641
-0.012878
-0.030289
-0.070190
0.089966
0.034302
-0.062561
-0.001451
-0.136108
-0.005081
0.070007
-0.065491
0.113403
