shape: [b:2, f:128, x:1, y:1, z:1, w:1, u:1, v:1, g:1] (count: 256, addr: 0xffffaaad573be000, original format: bfyx)
-0.025101
0.090698
0.143433
-0.143799
0.060425
0.088562
-0.114929
0.004482
-0.091980
-0.016312
0.101318
0.108276
0.037109
0.080505
0.114380
-0.056458
-0.071533
-0.104004
0.072449
0.048218
0.010933
-0.114197
-0.037659
-0.000538
-0.147705
-0.010757
-0.025101
-0.008247
-0.076721
-0.329834
0.006454
0.005379
-0.150024
0.053436
0.043732
0.001434
0.063843
0.116699
-0.051270
0.063110
-0.010574
0.086060
0.087463
0.005917
-0.002689
0.007172
0.045166
-0.053253
0.095703
0.141479
0.030304
0.049286
0.041779
0.024200
0.105225
0.046600
-0.021332
0.010040
-0.080322
0.008965
0.077820
0.065063
-0.009682
0.063293
-0.043030
0.000179
0.141479
0.130737
0.041779
-0.013443
-0.082092
0.041229
-0.151611
0.041595
0.063477
-0.139282
0.027969
-0.172852
0.041595
-0.007889
0.029404
0.062378
0.083923
0.034607
0.024384
-0.047516
-0.101990
-0.117249
-0.151123
-0.057007
-0.051819
-0.156860
0.063660
0.028320
0.019180
-0.007172
0.013802
-0.090881
-0.125366
-0.058441
0.117615
0.230225
-0.028152
-0.142822
0.177490
-0.022766
-0.132690
0.044098
0.025452
-0.087097
-0.115295
0.111877
0.075684
0.061310
-0.011650
-0.026001
-0.159546
0.012909
-0.070068
0.033173
0.125366
0.232300
-0.069763
-0.018829
-0.005917
-0.010933
0.040863
0.071899
0.046722
0.160889
-0.154541
0.093994
0.067932
-0.035736
0.339355
0.020660
-0.024384
0.005028
0.042816
-0.014893
0.062012
-0.053070
-0.045441
-0.061615
0.010429
0.026443
-0.188721
-0.086914
0.008003
0.015823
-0.061249
-0.021591
-0.051025
0.026443
0.011726
0.068726
-0.119324
0.095520
0.099976
0.062195
-0.052673
0.044128
-0.007259
-0.025879
-0.048584
0.064819
-0.057709
-0.095886
-0.032776
0.043365
0.066833
-0.091614
0.047852
-0.156982
-0.008568
-0.032593
-0.083008
0.028854
-0.002420
-0.083191
0.058838
0.003910
-0.025513
-0.017685
0.095154
0.005215
-0.016006
0.072449
-0.033691
0.000000
0.024200
0.053986
0.062927
-0.033508
-0.085083
-0.011169
0.000931
-0.025696
-0.377686
-0.093994
0.017868
0.013962
-0.022903
0.130737
0.179810
-0.123779
-0.150635
0.048401
-0.115234
-0.039276
0.088989
0.152100
0.147095
0.101074
0.025696
-0.156982
0.099792
-0.199585
0.009125
0.008751
0.016205
0.030350
0.004654
0.021225
-0.133301
-0.017319
0.019363
0.158203
-0.133667
-0.149536
-0.090271
-0.007820
0.150269
0.105591
0.020477
0.017319
-0.030533
0.059753
-0.045807
0.043579
-0.033508
-0.053802
-0.083618
-0.000745
0.042450
-0.026245
-0.069092
-0.043365
-0.072998
-0.011917
0.148926
-0.010612
-0.093811
-0.002048
0.018066
0.000000
