shape: [b:1, f:64, x:1, y:2, z:1, w:1, u:1, v:1, g:1] (count: 128, addr: 0x7fffab284000, original format: bfyx)
0.693848
0.684082
0.693359
0.684082
0.694336
0.685059
0.694336
0.684570
0.694824
0.683594
0.693359
0.684082
0.693848
0.685059
0.693359
0.683594
0.693848
0.685059
0.693359
0.685059
0.692383
0.684570
0.695312
0.685547
0.694824
0.684082
0.693848
0.685059
0.691895
0.683105
0.694336
0.684570
0.693359
0.685059
0.693848
0.683594
0.692871
0.683594
0.693848
0.683594
0.693848
0.685059
0.694336
0.683594
0.694824
0.684082
0.694824
0.684570
0.691895
0.683105
0.693848
0.684082
0.693359
0.685059
0.693848
0.684570
0.692871
0.684082
0.692871
0.683105
0.692871
0.684082
0.693359
0.683105
0.693848
0.684082
0.693359
0.683594
0.692383
0.685059
0.691895
0.683105
0.694336
0.684570
0.694336
0.683594
0.692383
0.684082
0.693848
0.685059
0.692871
0.683105
0.693359
0.683594
0.693848
0.684082
0.693848
0.683105
0.693848
0.685059
0.694824
0.684570
0.693848
0.683594
0.691895
0.683105
0.692383
0.683594
0.692383
0.684570
0.693848
0.684570
0.695312
0.685547
0.694336
0.684570
0.692871
0.683105
0.692871
0.683594
0.694336
0.684082
0.693848
0.684082
0.693848
0.684082
0.693848
0.685059
0.692383
0.683594
0.693848
0.683594
0.695312
0.684082
0.693359
0.684570
0.693359
0.684082
