shape: [b:2, f:128, x:1, y:1, z:1, w:1, u:1, v:1, g:1] (count: 256, addr: 0xffffaaad573be000, original format: bfyx)
0.068176
0.076660
0.027405
-0.113892
0.113037
0.092529
0.091003
-0.033600
0.106506
0.067566
0.055145
0.075562
-0.029694
-0.041595
-0.007179
-0.068848
-0.052216
0.003099
-0.020721
-0.057434
0.061493
-0.036865
-0.009628
0.046997
-0.314209
-0.060852
-0.022186
0.146484
0.007828
-0.020233
-0.063110
-0.042572
-0.036377
0.123962
-0.148071
0.076355
-0.010765
0.030670
0.023651
0.002121
0.091003
0.083374
-0.151367
0.044220
0.028061
-0.106506
0.023163
0.054993
0.091370
0.103943
-0.054810
-0.047791
0.029526
0.028061
-0.002609
-0.044220
0.082397
0.002773
-0.000163
-0.034760
0.263428
0.019257
0.038513
-0.102600
-0.023331
-0.033936
-0.057098
-0.224487
-0.114197
-0.136353
0.012726
-0.062988
-0.088928
0.005875
0.065552
-0.160645
0.093506
-0.020065
-0.060699
-0.035065
0.087769
0.076050
0.070801
-0.147095
-0.072449
-0.007668
-0.109924
-0.087463
-0.076050
0.096558
0.071777
-0.130615
-0.093994
-0.045837
0.009628
-0.018433
-0.189575
0.031982
-0.038818
-0.046173
-0.016647
-0.182495
-0.082886
0.001795
0.020065
0.130493
-0.068542
-0.074707
-0.007015
0.081726
-0.135742
0.034088
0.161499
0.096436
-0.010117
-0.085510
-0.002609
-0.016312
-0.019257
0.246704
-0.068359
-0.009789
-0.045013
0.030350
-0.032288
-0.185425
-0.089417
0.033112
0.109985
0.104614
0.184692
0.029404
0.001263
-0.125732
-0.091248
0.017670
0.027420
-0.029037
0.105347
-0.058258
0.012260
0.145020
-0.084778
0.013168
-0.051025
-0.007214
0.257080
-0.098633
-0.074463
0.003246
-0.118469
0.007214
0.013527
0.082397
-0.054474
-0.012085
0.081177
0.089661
-0.028320
-0.017319
-0.010643
0.293945
0.052490
-0.027771
0.039124
-0.067444
-0.030121
0.032471
0.080444
0.050873
0.000721
0.076477
0.055542
-0.177490
0.102966
0.053558
-0.057343
-0.012985
-0.008118
0.054474
-0.022903
-0.036255
0.012627
0.009735
0.242920
-0.067993
0.034454
0.049774
-0.143066
-0.002344
-0.035339
-0.068542
0.011726
-0.001623
0.206177
0.113953
-0.080811
0.012985
-0.237183
-0.042755
0.081543
-0.013710
0.069458
0.054108
0.152954
-0.175171
0.053192
-0.003246
0.083679
-0.050507
-0.068542
0.083679
-0.003065
-0.060608
-0.002886
0.078796
-0.027054
-0.078613
-0.005592
-0.084412
0.053192
0.048706
0.011543
-0.007393
0.076843
0.144043
0.088745
-0.047791
0.213745
0.020737
0.052490
0.005951
0.003065
-0.177612
-0.035156
-0.012444
0.187988
-0.012444
-0.009201
-0.143921
-0.016769
0.047424
-0.004868
-0.040222
0.023804
0.009018
0.036255
-0.009560
0.144775
-0.053009
0.020920
-0.136475
0.120483
0.009201
-0.059509
0.030304
