shape: [b:2, f:1, x:1, y:128, z:1, w:1, u:1, v:1, g:1] (count: 256, addr: 0xffffaaad573bde00, original format: bfyx)
-0.102356
0.055664
-0.049713
-0.152954
-0.196777
-0.103699
0.017685
-0.058624
0.071106
-0.048584
0.031082
0.037231
0.005772
0.039825
-0.044495
0.127563
0.008751
0.122314
-0.161987
-0.085815
0.029602
0.035919
0.151367
0.061615
-0.129395
-0.095520
-0.001862
-0.048035
-0.008934
0.046722
-0.091003
-0.074097
0.081726
0.083923
0.149292
-0.007259
0.021408
-0.285889
-0.011543
0.099976
0.063843
-0.019547
0.021957
-0.080200
-0.042633
0.087891
-0.042633
0.080444
0.051361
-0.016571
-0.029968
0.112610
0.074829
0.038727
-0.003164
0.041321
-0.011169
0.028473
0.006886
0.213013
0.035736
-0.012474
0.031281
-0.007820
-0.035187
-0.035004
0.077637
-0.264404
-0.027740
-0.081909
-0.046173
-0.021774
-0.107056
-0.010796
0.066467
0.186157
0.039825
0.073914
-0.091553
0.104431
0.059753
-0.060883
0.109802
-0.048950
0.042816
0.023636
-0.086548
-0.049896
0.030533
0.143188
-0.012283
0.038147
-0.036469
-0.012283
0.137695
0.017685
0.023819
0.020844
0.063110
-0.084534
0.040405
0.045593
-0.185547
0.020096
-0.071472
0.070007
-0.051361
-0.061066
0.098267
0.009308
0.020660
-0.029602
-0.009682
0.003536
0.106689
0.050262
-0.085083
0.036865
0.121765
-0.010979
0.059937
0.000558
-0.017868
-0.347656
0.006702
-0.137695
0.141235
0.038361
-0.104736
-0.012291
-0.050629
-0.020355
0.065125
-0.025681
0.003302
0.056305
-0.232178
-0.001284
-0.075562
0.018524
-0.068237
-0.015221
0.020538
-0.051727
0.033386
-0.024765
0.164917
0.073914
0.139160
-0.022919
-0.199585
0.048035
-0.056671
0.007519
-0.019989
0.131714
-0.056854
-0.009354
0.134277
0.010452
-0.006237
-0.081421
-0.013390
0.000000
0.022919
-0.044189
0.009537
-0.036133
0.036316
-0.041626
0.024017
0.180420
-0.035583
0.074280
0.067688
-0.003668
0.025864
0.096680
-0.008438
0.039429
-0.081604
0.013939
-0.051910
-0.013756
0.023102
0.042725
0.095337
0.022919
-0.139893
-0.040344
0.131836
-0.135010
-0.053741
0.016510
-0.044373
-0.005867
0.168701
0.034485
0.110779
0.101074
-0.030441
0.010452
0.008438
0.176636
-0.050262
-0.020538
0.099426
0.070618
0.130981
0.148315
0.011002
-0.004036
-0.092407
0.140259
0.130981
0.184448
-0.075012
-0.033752
0.101624
-0.443848
-0.058685
0.060883
0.019073
0.203003
-0.025497
-0.030441
-0.096619
0.017059
-0.040527
-0.064758
-0.103821
-0.010818
0.099976
-0.021454
-0.035400
0.084900
0.019806
-0.011002
-0.062744
-0.147949
0.094604
-0.018890
-0.084351
0.061249
0.042358
0.003851
0.014488
-0.148926
0.011917
-0.102722
-0.007519
0.043091
-0.016876
-0.022186
0.035767
-0.038147
