shape: [b:2, f:128, x:1, y:1, z:1, w:1, u:1, v:1, g:1] (count: 256, addr: 0xffffaaad573be000, original format: bfyx)
0.055878
-0.004208
0.008751
0.023056
0.016998
-0.094421
-0.178101
-0.064636
-0.012123
0.020706
-0.073364
-0.070007
0.011948
0.054535
-0.006565
0.131348
0.150635
0.134521
0.023895
0.007744
-0.010773
-0.043762
0.013634
-0.009933
0.202393
0.124084
-0.088013
0.016327
0.030304
-0.091248
0.101990
-0.011108
0.163818
-0.028610
0.040894
-0.067139
-0.073914
-0.056732
-0.017334
0.096313
-0.097961
-0.173584
0.090210
0.070374
-0.030640
0.040222
-0.016159
-0.024078
-0.094788
0.312256
-0.050842
-0.114624
-0.015320
0.084839
-0.040894
0.067322
-0.060944
0.034332
-0.014137
-0.018341
-0.111267
0.011780
-0.070190
0.031311
0.054718
0.039551
-0.041077
0.126953
0.002861
0.202881
0.073242
0.036011
-0.050171
0.001515
-0.086182
0.029968
0.041901
-0.140015
0.011108
0.059082
-0.033173
-0.030640
-0.179565
0.085205
0.071228
-0.096802
-0.037720
0.091919
-0.000505
-0.152344
-0.064453
0.043610
0.062439
0.012627
0.012291
0.131348
0.105347
0.011276
0.116638
0.096436
-0.072876
0.057404
0.036011
-0.016495
-0.187012
-0.051666
0.151978
0.061768
0.010437
-0.082153
0.006733
0.003534
0.210083
0.091064
-0.235840
-0.146240
-0.131348
0.070190
-0.047119
-0.058075
-0.087341
-0.044281
-0.040894
0.040222
-0.066345
0.091553
0.052673
0.006733
-0.089478
0.086670
0.044556
-0.035187
0.078796
0.199585
0.002060
0.032013
0.032196
0.040802
0.048309
-0.079956
-0.052795
-0.221802
0.017410
0.131958
-0.023590
-0.012726
-0.061951
0.203247
0.021149
-0.028076
-0.217896
0.018158
0.062683
0.028076
-0.040253
-0.039124
-0.008240
0.033875
-0.051117
-0.050903
0.072815
-0.008240
0.070557
0.027893
0.022278
0.178223
0.055786
-0.087219
-0.066284
-0.095093
0.021530
0.030518
0.061768
-0.185547
-0.159668
0.023026
-0.038361
-0.075806
0.072815
0.072632
-0.020218
-0.011421
0.066467
0.012169
0.007488
-0.135498
0.005428
-0.022644
0.013290
0.009918
-0.104431
-0.000374
0.063843
0.023026
-0.072449
-0.104614
0.038940
-0.016098
0.020782
-0.020401
-0.059540
0.017410
-0.077515
-0.034058
0.129517
-0.139404
0.055420
0.101807
0.032745
-0.052032
0.009544
0.054108
0.078979
0.014786
-0.001310
-0.076172
0.113464
0.114929
0.000000
-0.134399
0.026581
-0.299316
0.026962
-0.012169
-0.064941
0.092834
-0.074097
-0.303223
-0.054657
-0.072449
0.002060
0.019287
0.176758
0.125854
0.091187
0.107849
0.049805
0.042694
-0.050903
0.113464
0.092468
-0.057281
0.067017
0.034271
0.014977
-0.007114
-0.187988
0.018539
0.138306
-0.004120
-0.088745
-0.100342
-0.139771
0.056732
0.014038
-0.002434
