shape: [b:2, f:1, x:1, y:128, z:1, w:1, u:1, v:1, g:1] (count: 256, addr: 0xffffaaad573bde00, original format: bfyx)
-0.010765
0.075134
0.026352
0.030243
0.046936
-0.054565
0.213013
-0.019669
-0.057526
0.087952
-0.070129
-0.057526
-0.035828
-0.000186
-0.028198
0.097595
-0.073486
-0.050476
-0.035614
-0.094849
-0.029129
0.014847
0.061432
0.022079
0.162964
0.034332
-0.007050
-0.079407
-0.051971
0.019302
-0.009277
-0.188721
-0.088318
-0.011131
-0.128418
-0.044342
0.107056
0.053619
-0.018005
-0.247314
-0.010948
0.177612
-0.104675
-0.072021
0.086121
0.011505
-0.012802
-0.072754
-0.017075
-0.016327
0.085754
-0.015404
0.010208
-0.087402
-0.004826
-0.093323
-0.072937
0.053436
-0.062164
-0.113403
-0.072754
-0.146362
-0.189087
-0.153076
0.022263
-0.130615
-0.014656
0.098694
0.158447
-0.005196
0.009094
0.053619
0.078308
0.095764
-0.058075
0.028214
-0.050476
-0.170898
-0.007050
-0.089417
-0.072205
-0.000371
0.072754
-0.054932
-0.229370
0.007607
0.130615
-0.110779
0.010391
0.027466
0.081482
-0.078125
-0.102600
0.150635
0.077759
0.038422
-0.152954
0.022827
-0.079956
-0.020966
-0.009094
0.002041
-0.042297
0.008163
0.106140
-0.021530
0.061249
-0.050842
0.139526
0.031555
0.073669
0.048248
0.034515
-0.066406
0.151855
0.007793
-0.020233
-0.043793
-0.028198
-0.086487
0.157593
-0.107971
0.027100
0.145264
-0.033203
-0.124512
-0.177734
0.162354
-0.019089
0.108337
-0.046173
0.071533
-0.109192
0.047546
-0.100830
-0.011757
-0.048553
-0.011414
-0.058594
0.058105
0.081421
0.007324
0.014313
-0.027435
0.115540
-0.014648
-0.148682
-0.108704
0.089417
-0.007835
-0.063232
0.054688
0.176880
-0.028107
-0.054871
0.265381
-0.074768
-0.011078
0.127319
-0.020950
0.055023
-0.122681
0.006302
-0.012604
-0.005112
0.065735
-0.092163
-0.001363
0.029816
0.086914
0.042755
-0.118042
-0.006474
0.120483
-0.025391
0.063721
-0.068970
-0.088074
0.071716
-0.153198
-0.013802
0.081970
-0.264160
0.100159
-0.112122
0.085693
-0.078003
-0.013290
0.023346
0.062347
-0.104614
-0.287598
0.043091
-0.082092
-0.011078
0.001703
-0.105652
0.029129
0.091858
0.023178
0.007668
-0.016861
-0.011078
-0.162720
-0.002386
0.058441
-0.087219
-0.006645
0.156250
-0.170410
-0.061676
-0.041412
-0.057404
0.035950
0.102051
-0.001534
0.089111
0.018234
0.203247
0.177734
0.026062
-0.029816
-0.023346
0.201416
0.058441
-0.027252
-0.153198
0.006985
-0.088074
0.003407
-0.034760
0.014481
0.064087
-0.031174
0.008690
0.070679
-0.027084
-0.029648
0.039185
-0.269775
-0.039368
0.049408
-0.072388
0.010735
0.038177
0.047180
0.015671
-0.051971
-0.044464
0.072266
-0.033569
-0.017380
-0.069824
0.024704
0.008690
-0.059814
