shape: [b:2, f:1, x:1, y:128, z:1, w:1, u:1, v:1, g:1] (count: 256, addr: 0xffffaaad573be000, original format: bfyx)
-0.085876
-0.077332
-0.054047
-0.065613
0.029800
0.033447
0.063110
-0.004280
0.073853
-0.022980
0.022659
-0.076233
-0.203491
0.035492
-0.019180
0.130981
-0.107605
0.158936
0.034882
-0.012840
0.020920
0.051208
-0.009506
0.038818
0.107605
-0.092712
-0.099548
0.007133
-0.037415
0.097168
0.010780
0.164795
0.057373
-0.075439
0.013153
0.085144
-0.041534
0.124451
0.102417
0.047699
0.091797
-0.002695
-0.080017
0.034241
-0.035675
0.018234
0.002853
-0.142700
0.201660
-0.161987
0.029480
0.045502
0.020767
0.048492
-0.039795
-0.052307
0.001427
-0.059906
0.105103
-0.050079
-0.079895
-0.107483
-0.047546
-0.189819
0.007767
-0.163574
-0.100159
0.105225
-0.204956
-0.023453
0.031860
-0.076233
0.107788
0.018539
0.014740
-0.113342
0.170044
-0.006973
0.061981
0.034698
0.048035
0.102722
0.030426
-0.028214
0.068604
0.046906
-0.109985
-0.076843
0.208252
-0.002695
0.086060
-0.107300
-0.181152
-0.043915
0.012047
-0.105225
0.123169
-0.041840
-0.015686
-0.007607
0.002060
-0.004120
0.013000
0.017441
-0.142334
-0.011887
-0.109192
0.007290
-0.088440
-0.000159
-0.026306
-0.027573
-0.326172
-0.011414
-0.139648
0.025040
-0.083069
0.069275
0.044708
0.001902
-0.135376
-0.081970
-0.024414
-0.019501
0.005230
-0.158447
0.002218
-0.011093
-0.120667
0.140137
0.008743
0.035309
-0.049774
0.007473
-0.265137
0.036102
-0.033234
0.016220
-0.018768
-0.062347
0.111816
-0.015106
-0.007317
-0.041199
-0.049622
0.001749
0.134521
-0.016541
-0.057098
-0.006840
0.130249
0.042450
-0.090454
0.015747
-0.030533
-0.060120
0.048828
-0.003975
-0.044678
-0.104004
0.044373
-0.006840
-0.017654
-0.132202
-0.097473
-0.024811
-0.223145
-0.091248
-0.083191
0.141724
-0.145874
0.130615
-0.066162
0.075195
-0.161255
-0.057404
0.136719
-0.063904
-0.006519
0.058197
-0.015266
0.016373
0.032135
0.003498
-0.059326
-0.181396
-0.067261
0.068848
0.004295
0.095886
-0.074402
0.041504
-0.015587
-0.149658
0.125122
0.036407
-0.059326
0.023376
-0.020828
0.173706
-0.030533
-0.008270
0.116577
0.025436
-0.059326
0.129883
-0.026398
0.111328
-0.014633
0.052948
0.087769
-0.222168
0.057098
-0.055817
0.024963
0.040222
0.028946
0.214478
0.007950
0.002863
-0.084778
-0.021149
0.004929
-0.099731
0.044525
0.088074
-0.005089
0.296631
0.202271
0.108948
-0.032928
0.014473
-0.027191
0.058044
-0.012718
0.010338
-0.000159
-0.033386
-0.021942
-0.181152
-0.027664
0.127197
0.050873
0.073792
0.017975
0.032745
-0.032593
0.076172
-0.006359
-0.067444
0.028458
0.122620
0.010338
-0.043091
-0.035767
-0.113037
