shape: [b:2, f:1, x:1, y:128, z:1, w:1, u:1, v:1, g:1] (count: 256, addr: 0xffffaaad573bde00, original format: bfyx)
-0.135864
0.024963
-0.045502
-0.018768
-0.034882
0.103943
0.017700
0.032593
0.031525
0.037537
-0.020889
0.004074
-0.073669
0.052948
-0.077576
-0.118835
-0.137817
-0.023544
-0.032043
0.014877
0.032227
0.057007
-0.018951
0.005844
0.015053
0.047638
0.075439
-0.108887
0.015762
-0.073853
0.138428
-0.023544
0.130371
0.064819
0.028152
0.049225
-0.083557
0.081482
-0.088196
0.101440
0.061432
-0.209351
-0.110291
0.143066
-0.038086
-0.009033
-0.060028
-0.147705
0.057556
-0.085510
-0.060547
-0.029221
0.217285
-0.060028
-0.054352
0.150879
0.041443
0.184570
0.001416
0.193359
0.009033
-0.005135
-0.121826
0.010094
-0.038788
-0.191772
-0.015228
0.023544
-0.037903
-0.090637
-0.081604
0.033112
0.100220
0.040741
0.043213
0.063232
0.185425
0.018768
0.028152
-0.006020
0.086243
0.070984
-0.090637
0.124146
0.185547
0.108032
0.103943
-0.005489
0.011864
-0.115295
0.021072
-0.030273
-0.067261
0.085510
-0.047089
0.064819
-0.023026
-0.089417
0.151611
0.032410
-0.009918
-0.041779
-0.036652
-0.037018
-0.040894
0.013809
0.053833
-0.149048
0.016815
0.056488
-0.001947
0.054199
-0.051514
0.088562
0.099182
0.013283
-0.050629
-0.114014
-0.175415
0.168457
0.015404
-0.006729
0.159058
0.038605
0.053833
-0.007965
-0.209106
-0.211182
0.076904
0.052887
0.034668
-0.158447
-0.050751
-0.017685
0.032349
0.058350
0.026886
0.043152
-0.049530
-0.015732
-0.026169
0.076233
-0.069153
-0.045441
-0.112854
0.049530
0.120972
0.070190
-0.091248
-0.148071
0.125854
-0.025635
0.230225
0.240356
0.018219
0.013618
-0.022461
0.016098
0.005657
-0.069702
-0.055176
0.020340
-0.011673
0.088440
-0.189209
-0.051453
-0.040314
-0.076050
-0.057465
0.200073
-0.047394
0.156860
0.075012
0.006721
-0.163086
-0.070374
0.074463
-0.019104
0.011673
0.060669
0.050049
-0.010612
0.191528
0.007782
-0.092834
0.078491
0.120605
0.012199
0.043671
-0.009727
0.075867
0.084717
-0.025818
0.067383
0.064026
-0.006897
-0.131348
0.018219
0.184326
0.135132
-0.029358
-0.013794
0.034302
0.002298
-0.191528
0.033600
-0.068604
-0.169434
-0.059937
0.042633
-0.045624
-0.050568
0.032349
-0.098145
0.048981
-0.158813
-0.027771
-0.037842
-0.051819
0.097778
-0.120789
-0.079956
0.028290
0.031647
-0.076233
-0.036621
-0.100647
0.193237
-0.039612
0.065613
-0.013260
-0.112671
-0.013084
-0.104004
-0.038727
0.112488
-0.018738
-0.131958
-0.080139
0.103088
-0.074097
-0.064392
-0.007957
-0.074829
0.076904
0.072144
-0.033417
-0.065063
0.105225
-0.127441
0.119019
-0.002829
-0.075500
0.017685
-0.155029
-0.087158
