shape: [b:2, f:128, x:1, y:1, z:1, w:1, u:1, v:1, g:1] (count: 256, addr: 0xffffaaad573be000, original format: bfyx)
0.117798
-0.125000
0.176392
0.009697
0.135986
0.064453
-0.135498
-0.126221
-0.077209
-0.043304
0.018097
-0.052185
-0.028915
-0.269043
0.083984
-0.126343
0.093872
-0.100159
0.070435
-0.106140
-0.066223
-0.120667
0.088562
0.012764
0.078064
-0.028595
-0.033936
0.004200
0.015350
-0.284180
-0.010986
-0.007271
-0.141235
0.085938
0.006622
0.029404
-0.012276
0.027145
0.053650
-0.059631
-0.075439
0.236328
-0.004364
0.078491
0.035706
0.075623
0.109558
0.013893
0.122131
0.040405
-0.042480
0.045074
0.042664
0.117615
0.023911
0.051056
0.021652
0.034576
0.006138
-0.018097
-0.020844
-0.019714
0.004684
0.081116
0.025040
-0.017456
0.021805
-0.201904
-0.070129
0.033600
0.132812
0.062866
0.030533
0.131470
-0.129272
-0.121338
-0.110962
-0.077087
0.010666
0.028595
-0.014053
-0.011307
-0.015022
-0.042328
-0.047821
0.075317
0.023590
0.033447
-0.084839
0.105652
-0.126953
-0.041046
-0.018097
-0.044586
0.011307
0.090637
0.086609
-0.011795
0.168945
0.066223
0.062683
0.036682
0.034241
0.095154
-0.063171
0.064758
-0.011147
0.028442
-0.040863
0.072205
0.020203
0.139160
0.187744
0.023743
0.042664
0.010826
-0.005493
-0.068176
0.092407
0.071594
-0.261230
0.015991
0.061066
-0.017776
-0.088867
0.100037
-0.114075
-0.061707
-0.042236
-0.090393
0.072693
-0.065308
-0.047974
0.044922
-0.066040
0.065857
-0.027557
-0.045105
0.054413
0.134277
0.134277
-0.225830
0.001431
0.013603
0.062286
-0.007515
0.111511
0.122620
-0.002327
0.144409
-0.100403
0.069092
0.014496
-0.086792
0.027206
0.015213
-0.011810
0.086975
-0.040100
-0.053680
-0.045288
-0.070862
0.069092
-0.039734
-0.020584
0.082886
0.410889
-0.038666
-0.003042
-0.025589
0.072998
-0.158936
0.026489
0.003222
0.005547
-0.019867
-0.145142
-0.020401
-0.036865
-0.038849
-0.115967
-0.017715
-0.010201
-0.021652
0.075500
0.073181
0.117249
0.105408
0.030609
0.045990
0.068726
-0.115601
-0.036682
-0.028992
0.163818
-0.054779
0.012169
0.033295
-0.039001
-0.131714
0.070679
0.012352
0.129761
0.122437
-0.173584
-0.203125
0.122070
0.009842
-0.090576
0.011635
-0.086792
0.057098
-0.066406
0.008591
-0.013062
0.099670
-0.064453
0.080200
0.054596
0.167847
0.031311
0.020050
-0.057800
0.011810
0.022369
-0.036865
-0.017715
0.030060
-0.076782
-0.003042
-0.057983
-0.018250
0.108093
-0.236084
-0.003580
0.079285
0.041351
0.111511
0.012527
0.071594
-0.158325
0.006084
-0.079102
-0.004116
0.032379
0.087891
-0.036316
0.021118
0.090027
0.073181
0.100586
0.157104
0.042969
-0.019150
0.105042
0.046356
