shape: [b:2, f:128, x:1, y:1, z:1, w:1, u:1, v:1, g:1] (count: 256, addr: 0xffffaaad573bde00, original format: bfyx)
0.039185
-0.101440
0.121582
0.098877
0.007980
-0.128052
-0.048920
-0.040405
-0.043365
-0.073364
-0.052734
-0.010925
0.034180
0.003122
-0.068481
-0.028442
0.174194
-0.196899
0.047516
0.021500
0.001908
-0.085327
0.030869
0.104248
-0.145386
0.037811
-0.033661
-0.011620
0.128052
0.017517
-0.017349
0.096802
0.050476
-0.042847
0.090027
-0.006069
-0.023758
0.011971
-0.054474
-0.069214
0.008842
0.035889
-0.070068
-0.017685
0.032440
-0.034515
0.046997
-0.207397
-0.032440
0.059326
0.085876
0.068359
-0.088623
0.081848
-0.045258
-0.067993
0.081665
0.130981
0.026703
-0.026367
0.067322
0.120911
-0.067627
-0.074402
0.148682
0.196289
0.050812
-0.054993
0.061218
0.053436
-0.025497
-0.035034
0.069397
-0.182129
-0.091736
-0.051514
0.206421
-0.022720
-0.019943
0.030701
-0.073547
0.084106
0.084839
0.020126
-0.151978
0.040070
-0.175537
-0.028275
0.042145
-0.064697
-0.013702
-0.065063
-0.004856
-0.134399
0.142090
0.104431
-0.166138
-0.089478
-0.047516
-0.190430
0.025330
-0.046844
0.165771
0.075623
-0.010925
-0.125244
0.021851
0.118469
0.073547
0.137085
0.049438
0.033142
-0.019073
-0.064026
0.004162
0.007633
0.014046
-0.099365
-0.026703
-0.092468
-0.074951
-0.099365
0.060883
0.257080
0.026886
-0.093140
0.163940
0.004684
0.213501
-0.056396
0.086182
-0.038666
-0.083069
-0.173950
-0.006092
-0.029083
0.138428
-0.031860
-0.136353
-0.036560
-0.004177
-0.090332
0.020721
0.054840
0.078369
-0.084961
0.080078
0.157593
-0.242310
0.057098
-0.208008
-0.001393
0.125000
0.226685
0.039703
-0.108093
-0.014626
-0.040924
0.125244
0.114197
0.133667
0.021240
0.014801
0.036377
-0.015671
-0.039703
0.098206
-0.073975
-0.191895
-0.076416
-0.000871
-0.149414
0.063049
0.089172
-0.030640
-0.012016
-0.009926
-0.020889
-0.013931
-0.030991
-0.011665
0.013931
-0.054138
-0.042664
0.016373
0.028030
-0.095398
0.043365
-0.175171
0.028381
0.021591
0.138550
0.035339
0.082153
-0.097473
0.037598
0.121704
-0.010445
-0.132690
-0.046143
0.119995
-0.002264
-0.008354
-0.089844
0.159546
0.005222
0.001741
0.040558
-0.012360
-0.086548
-0.061127
0.000348
0.048584
-0.191895
-0.082703
-0.049286
-0.056580
0.037262
-0.122253
0.071228
0.034119
0.073853
-0.038483
-0.089294
-0.021759
0.013931
0.060760
-0.042480
0.118225
-0.049286
0.109314
0.034119
0.125000
0.076111
-0.020370
-0.039520
-0.036743
-0.011841
0.068420
0.028030
0.033600
-0.267578
0.031525
0.004005
-0.042297
0.109314
-0.007660
-0.062500
-0.010101
-0.114014
-0.089844
0.011841
-0.096252
-0.009750
-0.114563
-0.044922
