shape: [b:2, f:1, x:1, y:128, z:1, w:1, u:1, v:1, g:1] (count: 256, addr: 0xffffaaad573be000, original format: bfyx)
-0.008743
-0.111328
0.138062
0.005772
0.064819
0.064636
0.011543
-0.008247
0.002640
0.038605
0.003628
-0.008575
-0.047485
0.076843
-0.093994
-0.073059
-0.067810
0.150146
-0.038269
0.112000
0.029358
-0.085571
-0.143677
0.013359
0.004620
-0.022598
0.033966
-0.072083
-0.038086
0.104553
-0.004124
0.117432
-0.088074
0.049988
0.012207
0.056915
0.008080
0.114929
-0.007092
-0.058044
-0.014679
-0.067261
0.048004
-0.118774
0.042389
0.003628
-0.092712
0.309570
0.029022
0.046661
-0.046021
0.016159
-0.013687
-0.022919
0.030838
-0.029694
0.083801
-0.030014
0.102112
0.010391
0.059387
0.018967
-0.038605
-0.109497
0.003134
-0.081116
-0.165771
-0.044861
0.134766
0.053925
0.132812
-0.067932
0.305420
0.091858
0.031830
0.003464
-0.225098
0.051941
0.096130
-0.032318
0.028366
0.029190
-0.069458
0.018311
0.066467
0.097778
0.184204
0.023087
0.018967
-0.071594
0.094177
-0.144531
-0.020279
0.017151
0.055573
-0.137085
0.067322
0.052612
-0.126953
-0.029694
-0.047821
0.028534
0.005444
0.043549
-0.189819
-0.096008
0.086121
-0.093689
0.011711
-0.009567
0.013855
-0.027206
-0.043213
-0.012207
0.089417
-0.004288
0.070923
0.001814
0.026382
0.135376
0.076172
0.255371
-0.089539
0.110168
0.055420
0.055084
-0.173218
0.138062
-0.157837
-0.055115
0.130737
-0.112671
-0.116089
-0.196045
-0.066956
0.010612
-0.041595
0.066406
0.096375
-0.017120
-0.099304
-0.046234
0.067261
0.014038
0.097595
0.001027
-0.091431
0.061981
0.002054
0.100525
-0.186646
0.080627
0.059418
-0.102173
0.089722
0.006676
0.134521
-0.041077
-0.066406
0.192627
-0.008560
0.180298
0.041077
0.078064
0.011810
-0.029449
0.004623
-0.058380
0.045532
-0.024658
0.081177
0.182373
-0.000685
-0.023285
0.276611
0.005478
-0.092102
0.112793
-0.080444
-0.005993
0.115417
-0.014549
0.018143
0.014893
-0.060944
0.136108
0.015068
0.023621
-0.093323
-0.054962
-0.024475
0.041595
0.036469
-0.060944
-0.015579
-0.081299
-0.002567
0.001541
-0.116577
0.153931
0.026016
-0.012840
0.008049
-0.027740
-0.280273
0.142944
-0.114502
0.059052
0.010612
-0.022263
-0.063171
-0.045013
-0.015915
0.157471
-0.036285
-0.075134
0.029282
0.024307
-0.063660
0.188843
0.039368
-0.135376
-0.054626
0.041077
-0.032013
-0.089539
-0.042969
0.049805
0.013351
0.021393
-0.114380
-0.008049
0.082153
-0.046722
-0.065369
0.080627
0.003082
0.067139
0.007874
0.159546
0.113342
0.060425
0.109375
-0.077209
0.049133
-0.128906
0.190674
-0.071045
-0.027054
-0.029449
-0.018829
0.082886
0.004108
0.015747
0.014725
0.040070
