shape: [b:2, f:1, x:1, y:128, z:1, w:1, u:1, v:1, g:1] (count: 256, addr: 0xffffaaad573bde00, original format: bfyx)
0.043427
-0.041626
0.000302
0.022919
0.280518
0.049469
0.022324
-0.016144
0.187622
0.015991
-0.028046
-0.014931
-0.019302
-0.074524
0.088074
0.037262
0.023987
-0.067444
-0.032593
0.045105
-0.029861
-0.013878
-0.067566
0.021713
-0.107361
-0.047363
-0.033173
-0.041779
0.054138
-0.024887
-0.018250
-0.024429
0.058685
0.060181
0.283936
0.058228
0.006485
0.001056
0.010559
0.094238
0.043121
-0.014778
-0.095337
0.068298
0.053680
0.012070
-0.129395
0.011917
-0.014633
0.054901
-0.140137
-0.017197
-0.022476
0.085510
0.013878
0.066650
0.109192
-0.038910
0.051880
-0.077393
0.021423
0.081604
-0.059875
0.120483
-0.025787
-0.136841
-0.025345
0.156738
-0.047058
-0.020355
-0.182739
0.038147
0.055206
-0.009354
0.010109
0.002262
0.040436
0.034546
0.018707
-0.034241
0.062439
-0.004375
0.027451
-0.195068
0.122925
0.234741
0.084290
0.158569
0.006638
0.349365
0.044952
0.085510
-0.027603
-0.110229
0.014931
-0.101379
-0.110840
-0.024734
0.181641
-0.045837
0.043884
-0.020508
-0.123535
0.075745
-0.020966
0.083984
-0.005428
0.076782
-0.088257
-0.128540
-0.107361
-0.007843
-0.041321
-0.047821
0.114807
-0.020660
0.067749
-0.116150
-0.011612
0.012672
-0.107239
-0.137573
-0.098511
0.035431
0.103760
0.091980
-0.017792
-0.032440
-0.063721
0.057190
-0.037262
-0.089417
-0.142822
-0.002289
-0.083984
0.018463
-0.179321
0.003105
0.192749
0.072388
-0.072388
0.178955
0.045105
-0.198242
0.079590
-0.026810
-0.102478
0.078430
-0.353027
0.161987
0.065369
0.060486
0.025665
-0.011444
0.012093
0.065369
0.015038
-0.015686
-0.009483
0.087097
0.203613
-0.146729
-0.026474
-0.084656
-0.187622
0.089722
-0.004086
0.008171
-0.011116
0.058350
-0.122559
0.078430
-0.107849
-0.038910
0.073242
-0.109497
-0.023376
0.086304
0.020920
0.052307
-0.018967
-0.024673
0.204956
-0.031555
0.035126
0.083191
0.023041
-0.065186
0.062927
-0.056549
0.156250
-0.087463
0.125000
-0.026321
-0.016510
0.005394
-0.016830
0.065857
0.096436
0.006863
-0.082031
0.003595
0.046265
0.071106
-0.107056
0.064697
-0.000327
-0.074829
-0.066528
-0.118652
-0.025177
0.044281
-0.122742
-0.084839
0.001307
-0.010620
-0.110291
0.003759
0.050659
-0.094604
-0.087952
-0.011276
-0.073853
0.149048
-0.003431
-0.020920
0.023865
-0.137085
0.076477
-0.096741
-0.097900
0.018799
-0.095093
0.052643
-0.078308
-0.016830
0.017822
0.021240
-0.036926
0.071899
-0.054413
-0.090881
-0.055237
0.023376
-0.021744
-0.032196
0.003105
-0.110474
-0.020264
-0.074341
0.140747
-0.043640
-0.049347
0.044617
-0.151489
0.084656
