shape: [b:2, f:128, x:1, y:1, z:1, w:1, u:1, v:1, g:1] (count: 256, addr: 0xffffaaad573bde00, original format: bfyx)
-0.066284
-0.073792
-0.120483
-0.007111
-0.027100
-0.036133
-0.001922
0.018646
-0.008072
-0.129761
-0.044586
-0.027664
-0.039215
-0.085693
0.056488
0.021515
-0.085510
0.210083
-0.143677
0.003267
-0.025360
-0.047668
-0.032471
0.022476
-0.196167
-0.098206
-0.027100
-0.048431
0.128418
0.067444
-0.055542
0.033630
0.042084
0.016724
0.115662
-0.075317
0.059174
0.129517
0.003075
0.056488
-0.034027
0.059174
0.074768
-0.083374
-0.024017
0.073792
-0.050934
-0.009224
0.122009
-0.058990
-0.150513
0.037842
0.204712
-0.020172
0.070923
0.037079
-0.092041
-0.107605
0.031128
-0.039398
0.093750
-0.047272
0.000576
-0.068787
0.075317
-0.001537
0.038422
0.014221
-0.080322
0.023834
0.118347
-0.060333
-0.120117
0.254883
0.090149
0.024597
0.093018
0.070740
-0.056885
0.009995
-0.002113
-0.061493
0.106079
-0.039978
0.037079
0.118164
0.058990
0.079773
0.007111
0.297119
-0.005764
0.040344
0.005379
0.044006
0.066284
0.039001
-0.135498
0.013832
-0.161987
0.203369
-0.001729
-0.027100
0.034790
0.045929
-0.051697
-0.135132
0.015564
0.037659
0.018250
0.005573
-0.249268
-0.021332
0.009033
0.110901
-0.088379
-0.037079
0.050354
-0.043610
0.088379
0.048035
0.003843
-0.064209
0.132568
0.100098
0.087036
0.006149
0.111450
-0.218262
-0.231445
-0.035339
0.062927
0.086670
0.050446
-0.102295
-0.068359
-0.134766
-0.160767
-0.021973
0.062561
0.022675
-0.106506
-0.059570
0.009315
0.004921
-0.004570
0.027420
-0.022842
0.176636
-0.059753
0.040771
-0.130737
-0.004745
0.245483
-0.080811
-0.038666
-0.044800
-0.041473
-0.007030
0.117249
-0.155151
0.096497
-0.062561
0.003164
-0.082947
-0.096863
0.070496
-0.032501
0.017578
-0.078552
0.147827
-0.038147
0.097534
-0.014763
-0.014236
-0.044464
-0.024780
-0.061157
-0.045166
0.014938
-0.057281
-0.070618
-0.008789
-0.012299
0.039886
-0.005798
0.058350
0.033386
-0.025131
0.118469
0.005974
-0.129395
0.095093
-0.114258
-0.088745
-0.053070
0.041473
0.245728
-0.028824
-0.273682
-0.059052
-0.073792
0.003340
0.030060
-0.034454
-0.001582
0.007912
0.040588
0.183838
-0.028992
-0.201904
-0.028824
0.007206
-0.075928
-0.114929
0.017227
-0.019684
0.038300
-0.007912
0.101379
0.080994
0.007381
-0.100708
-0.017395
0.030762
-0.013008
0.008087
0.106323
0.186646
0.060974
0.154663
0.082092
0.005974
0.197510
0.021439
0.050079
0.045532
0.099487
-0.101074
-0.111084
0.020569
0.007030
0.016342
0.100708
0.024246
-0.051147
-0.031982
0.017929
-0.098267
-0.064514
0.113159
-0.069763
0.001055
-0.174683
0.113342
-0.021088
-0.015640
