shape: [b:2, f:128, x:1, y:1, z:1, w:1, u:1, v:1, g:1] (count: 256, addr: 0xffffaaad573bde00, original format: bfyx)
0.033722
-0.001750
0.047729
0.095276
0.060120
-0.045959
0.094360
-0.004456
0.006523
-0.013840
-0.005886
0.000477
0.032135
-0.091003
-0.015274
0.024338
0.044373
0.015915
0.040405
0.077332
0.012566
-0.041687
0.115662
0.163818
-0.141846
-0.069336
0.038177
0.212158
-0.079407
0.231934
0.036255
-0.033569
-0.040558
-0.019089
0.067139
0.030548
0.107849
-0.079834
0.015114
-0.060608
0.019730
-0.081787
-0.028152
-0.008911
-0.102783
-0.051208
0.061401
-0.087952
0.025299
-0.104187
-0.111816
0.004456
-0.144897
-0.097046
-0.011772
-0.153931
0.038177
-0.060608
-0.093994
-0.078735
-0.225830
0.115173
-0.005569
0.007793
-0.167847
-0.011612
0.126343
-0.058075
0.121826
0.091125
-0.166016
-0.102112
-0.161621
0.053619
-0.021957
-0.011772
0.115662
-0.000159
-0.042328
-0.040100
-0.069214
0.110413
0.102905
-0.031982
0.067627
-0.025452
-0.027039
-0.133179
-0.023697
-0.186401
0.084961
-0.009705
0.049622
-0.034027
-0.050262
0.052643
0.048370
0.069336
0.193237
-0.240967
0.024811
0.047882
0.114075
-0.002705
0.056305
-0.098450
0.024811
-0.201904
-0.060120
-0.087158
-0.001909
-0.003500
0.028473
-0.108643
-0.022430
-0.001431
-0.053131
0.088623
0.016541
0.141724
-0.140747
-0.102905
-0.043732
-0.152588
0.050110
-0.080200
-0.002863
-0.003181
-0.115967
-0.082336
0.006104
-0.056152
0.019363
-0.168823
0.032257
0.065247
0.103760
-0.049011
-0.077576
0.046570
-0.022491
-0.007149
-0.089783
0.145264
-0.152710
-0.009071
-0.178589
0.093323
-0.114197
0.012901
0.079346
-0.016571
0.013954
-0.085815
0.026855
-0.158691
0.040985
-0.038177
0.047607
0.021103
-0.026337
0.012207
-0.003313
0.069397
0.027725
0.017258
-0.026855
-0.000174
-0.049530
0.055634
0.071350
0.195190
-0.106873
-0.082153
-0.121033
-0.043427
-0.046204
0.036621
0.056671
0.098511
0.021622
-0.133545
0.224487
-0.031738
0.133911
-0.003313
0.029129
0.014122
0.070984
0.028595
0.007500
-0.049011
0.092407
0.029648
0.074280
-0.152466
0.068359
0.038025
0.064514
-0.137207
0.003139
0.000523
0.011162
-0.035217
-0.054230
-0.028076
0.094177
0.106201
-0.076721
-0.115784
-0.014473
0.140259
0.086670
-0.010117
-0.089966
-0.021271
0.086853
0.031403
-0.109497
0.307129
0.033661
0.084900
0.015518
0.064331
-0.024582
0.015343
0.100281
-0.219360
0.139160
-0.038544
0.005230
0.023026
-0.189697
-0.085449
-0.036957
-0.122925
-0.010117
0.038025
0.140503
-0.122253
0.016037
-0.008369
-0.057190
-0.055969
0.071472
0.031219
-0.144043
0.162476
0.074463
-0.114563
-0.039398
-0.036438
-0.114746
-0.071655
-0.110352
0.010986
