shape: [b:2, f:1, x:1, y:128, z:1, w:1, u:1, v:1, g:1] (count: 256, addr: 0xffffaaad573be000, original format: bfyx)
-0.014381
0.163086
-0.115906
0.099243
-0.123352
0.081116
0.043701
-0.022430
0.035675
0.026031
-0.027039
-0.015244
0.112000
-0.064819
-0.071899
0.028046
0.009346
-0.059967
-0.027039
-0.014526
0.030045
-0.159180
-0.069763
-0.012939
-0.152222
0.154419
0.062561
0.031204
0.009056
0.278076
-0.021423
0.079102
0.101501
-0.038544
-0.065308
-0.014664
0.009201
0.020279
-0.008484
0.113464
-0.111267
-0.239868
0.024307
-0.001438
-0.014954
-0.049896
0.024734
-0.044434
-0.101379
0.144043
-0.023438
-0.188477
0.025879
-0.106384
0.036804
0.005177
-0.044281
-0.001438
-0.014236
-0.052765
-0.023865
0.040985
-0.000288
-0.039673
-0.017685
0.083252
0.096069
0.011215
-0.052917
-0.251709
0.083130
0.030045
-0.086975
-0.006615
0.069885
0.036957
0.054504
0.046295
-0.118469
-0.009781
-0.054199
0.062683
-0.180786
-0.009201
0.006760
-0.078674
0.196411
-0.102356
0.173096
-0.017975
-0.060547
-0.040253
-0.052063
0.000288
0.002588
-0.121948
0.031494
0.055206
0.342529
-0.029907
0.048889
0.008194
0.008774
-0.044281
0.010208
0.138794
0.001294
0.003595
0.038818
-0.122498
0.019836
-0.111450
-0.043701
-0.055206
0.128174
0.002157
0.057953
0.070435
0.131226
0.000431
0.172241
0.009781
0.002588
-0.000719
-0.052612
0.056366
0.008339
0.059814
0.151123
-0.225464
0.236816
-0.029984
-0.013916
-0.221558
0.002981
0.029327
-0.047211
0.012589
0.052032
0.097778
-0.124390
-0.057495
-0.004971
0.113464
-0.036621
0.010269
0.161987
-0.146484
0.006794
-0.118469
-0.064758
-0.025177
0.029816
0.035461
-0.068237
-0.062469
-0.032135
-0.059967
-0.030151
-0.024857
-0.027328
0.036957
-0.086792
-0.019379
-0.049530
-0.003811
-0.038605
0.133545
-0.054352
-0.046234
-0.006462
0.235718
0.019058
0.036285
0.027496
-0.084167
0.122131
0.070557
-0.065918
0.013748
-0.107666
-0.001987
0.006462
0.009605
0.017563
0.032959
0.054352
0.188354
-0.042755
0.033630
-0.085144
0.030319
0.033142
-0.076538
-0.007950
-0.232910
0.026337
-0.057159
0.211792
-0.082825
0.020874
-0.008118
-0.054352
0.013748
0.105042
0.079346
0.073547
-0.012093
-0.040253
0.045898
-0.028336
-0.014084
-0.078186
0.119629
-0.087280
0.018555
-0.131226
0.027176
-0.085144
0.023529
0.006626
0.018219
-0.031982
0.048553
0.058167
-0.008781
0.003811
0.002981
0.118652
-0.112488
-0.189331
-0.052673
0.077026
-0.184570
0.037262
-0.032135
-0.106506
-0.076355
0.045227
-0.136475
0.046051
-0.076355
0.295898
-0.044403
0.059967
-0.044891
-0.045074
-0.024185
-0.035950
0.058167
-0.125854
-0.028000
-0.051025
0.065430
0.096741
-0.018051
