shape: [b:2, f:1, x:1, y:128, z:1, w:1, u:1, v:1, g:1] (count: 256, addr: 0xffffaaad573bde00, original format: bfyx)
0.024475
-0.047729
0.069275
0.026627
-0.102661
-0.094055
0.071289
0.021545
0.002155
0.029099
0.042480
-0.033722
0.021088
0.000924
-0.007698
0.100220
-0.007851
0.030487
0.042328
0.039246
0.003540
-0.084534
-0.009850
-0.110657
-0.252686
0.034637
0.057587
-0.023239
0.001847
0.041718
-0.007542
-0.013237
-0.144653
0.019241
-0.017853
-0.018158
-0.060181
-0.005543
0.041107
0.084351
-0.003387
0.028320
0.097473
0.116089
0.008316
-0.038025
0.097168
-0.158569
-0.011086
0.044647
-0.092651
0.078674
0.065735
-0.043427
-0.132568
-0.054504
-0.063721
-0.136597
-0.019241
0.007080
-0.094849
0.004772
0.051727
0.110352
0.136719
-0.197144
-0.133301
0.095886
0.078979
0.074951
-0.055115
-0.057587
0.030014
0.040039
0.011703
-0.012009
-0.329102
-0.010620
0.035858
-0.018326
0.029404
-0.077148
0.045563
0.086975
-0.055573
0.099304
0.064026
0.053741
0.005695
-0.287109
0.013855
0.024323
0.039886
0.045868
0.054199
0.034943
-0.143677
0.018005
-0.015396
0.004158
-0.000616
-0.000462
-0.121948
0.066528
-0.043579
0.050812
0.034180
0.098083
-0.114197
0.178711
0.027100
-0.018005
0.038025
-0.004925
0.069458
-0.003078
0.010315
-0.093750
-0.050354
-0.200562
0.085876
0.066833
0.087463
0.209229
-0.011086
0.041260
0.293457
-0.136353
-0.040283
-0.087280
0.110779
-0.014191
0.033112
-0.010223
-0.114319
0.014191
0.177002
0.001831
0.118896
-0.025940
0.072937
0.106079
-0.002289
0.018768
0.085632
0.051727
0.001526
0.164185
-0.028534
0.286377
0.029144
-0.030975
-0.037994
-0.070374
0.017242
-0.050354
0.063477
0.015869
0.067444
-0.014191
-0.158081
-0.014038
0.000153
-0.029297
-0.083191
0.122681
-0.019379
0.020905
0.006256
-0.283936
-0.081787
0.003357
0.058136
-0.076904
0.018616
-0.008392
0.045929
-0.039062
0.001068
0.077087
0.107605
-0.028229
0.232544
-0.048828
-0.189575
0.156860
0.025787
-0.024109
0.067322
0.021820
0.070984
-0.099060
0.053711
0.078735
-0.046539
-0.084534
-0.004578
0.081970
-0.096436
0.225220
0.005798
0.020447
-0.057831
-0.001984
0.193237
0.033722
-0.045624
-0.031891
0.212891
0.053253
-0.025787
-0.120850
0.102112
-0.065613
-0.014801
0.180420
-0.088989
0.004272
0.006409
-0.106201
-0.016479
0.027161
0.063477
0.123779
0.017242
0.008850
-0.043030
0.035706
-0.139526
0.038605
0.104370
-0.041351
-0.033112
0.005493
0.011597
-0.053101
0.054932
0.058289
-0.004272
-0.007019
-0.110657
-0.155029
-0.219971
0.020599
0.014343
-0.016327
0.005646
-0.097656
0.025787
0.073120
-0.086243
0.028381
0.095703
-0.037842
-0.028381
0.072815
