shape: [b:2, f:128, x:1, y:1, z:1, w:1, u:1, v:1, g:1] (count: 256, addr: 0xffffaaad573bde00, original format: bfyx)
0.012703
-0.000161
-0.054169
-0.019608
0.241821
0.079102
-0.118774
0.023788
-0.085693
-0.067688
0.084534
0.021225
0.000321
-0.021378
-0.087097
-0.103333
0.103821
0.247437
0.075562
0.045959
-0.010773
-0.112671
-0.049347
-0.045319
-0.035034
0.136353
0.063354
0.209595
0.071838
0.014465
-0.031982
-0.077332
0.114929
-0.041962
-0.115723
0.099976
0.081177
0.080872
0.079102
0.135376
0.012054
-0.064148
0.137085
0.117981
-0.030060
-0.008522
-0.072205
-0.012703
0.022980
-0.022507
0.112183
0.038910
-0.001929
-0.110291
0.032318
0.022186
0.006432
0.036652
-0.025070
0.010933
0.002893
0.007233
0.025406
-0.057220
0.109619
0.102722
-0.006432
-0.134277
0.013664
0.005306
0.031982
0.021378
-0.077942
-0.006912
0.006592
-0.126953
0.097229
-0.059143
0.059143
0.046295
0.033905
-0.026367
-0.093384
-0.013023
0.058502
0.101929
-0.040680
-0.041321
-0.036163
-0.175659
-0.244751
0.005787
0.027328
0.019775
0.011894
0.050140
0.101257
-0.014465
-0.254395
0.004341
-0.041473
-0.039551
-0.029099
0.113464
-0.058502
-0.090027
-0.034393
-0.134644
0.093872
-0.058044
0.074585
-0.034088
0.100464
-0.122986
-0.096619
-0.068665
-0.078735
-0.048065
0.099365
0.070557
0.038574
-0.015274
-0.088074
0.067688
0.034393
0.093384
-0.312744
0.117371
0.009842
0.023300
0.016937
-0.092468
-0.210449
0.120117
-0.051666
-0.144653
0.176147
0.038788
-0.039490
0.081482
-0.061646
-0.098572
0.004776
-0.087952
0.001158
-0.015343
-0.040527
-0.008682
0.403564
0.162109
0.077881
0.032257
0.166870
0.022720
-0.011284
-0.062927
0.013603
0.023300
0.070190
-0.125854
-0.043121
-0.107544
-0.005066
0.043274
-0.089844
0.238647
0.040649
-0.016785
-0.046875
0.013748
0.190308
0.051666
-0.031830
0.052826
-0.005211
-0.007381
0.187744
0.001592
0.039520
-0.031113
-0.062378
0.087524
0.005211
0.024307
-0.040802
0.111877
-0.024017
-0.019974
0.064270
0.057465
0.015778
0.141235
-0.090027
0.019974
0.053528
-0.012878
0.008682
0.126099
0.021133
0.027634
0.031982
-0.006077
0.000723
0.150024
-0.116516
-0.073669
-0.049500
-0.056427
0.159058
0.088135
-0.099731
0.003763
0.061646
0.080750
-0.049927
0.033569
0.029373
0.023300
-0.089111
-0.025467
0.015053
0.067749
-0.069580
0.000000
0.058167
0.002605
-0.042389
0.155029
0.057892
0.123596
-0.072083
-0.033142
0.067017
0.064697
-0.000723
0.036621
-0.065979
-0.081299
-0.021851
0.171143
0.041687
0.076538
0.134399
0.002316
0.017944
0.008827
0.011284
0.066589
-0.105896
-0.070007
-0.042847
-0.016937
-0.105042
0.134766
-0.177368
-0.077881
