shape: [b:2, f:1, x:1, y:128, z:1, w:1, u:1, v:1, g:1] (count: 256, addr: 0xffffaaad573bde00, original format: bfyx)
0.091919
-0.059814
0.046234
0.080750
0.123291
-0.005322
0.021286
-0.037079
0.091553
0.038361
-0.006241
-0.007156
0.049744
0.012848
-0.015778
-0.046417
-0.167480
-0.013763
0.015228
-0.093384
-0.027527
0.088440
-0.034485
0.044037
0.075073
-0.025146
-0.006241
-0.037628
-0.169189
-0.128052
-0.037628
0.040192
0.013763
0.044403
0.167358
0.035980
-0.051392
0.218140
-0.043304
0.083130
0.023117
0.073242
0.007706
0.066589
-0.003670
0.028259
0.097412
-0.106995
-0.021835
-0.035980
-0.217041
-0.055786
-0.051758
0.082031
0.088440
0.070312
0.056885
-0.044586
-0.008072
-0.007889
0.021835
0.006241
-0.042389
0.093750
-0.026245
0.284668
-0.093384
0.194336
-0.110107
0.028076
0.145020
0.051208
0.056519
0.016144
-0.081848
0.107727
-0.061279
-0.077271
-0.084778
0.089539
0.044586
-0.044037
-0.061462
0.107361
-0.048798
-0.170410
0.112854
-0.063843
-0.004036
0.011742
-0.137451
-0.045135
0.017059
-0.052673
0.043854
-0.063110
-0.027161
-0.030457
0.274658
-0.156738
-0.037811
-0.034485
0.060364
-0.004955
-0.069336
-0.022385
0.002752
-0.017990
-0.121094
-0.053040
0.049927
-0.042023
-0.031738
-0.023300
-0.256592
-0.020370
-0.009544
-0.023483
-0.018723
0.114502
-0.073059
-0.022934
-0.035797
0.061646
0.055237
0.076538
0.280762
-0.066223
-0.040588
-0.052460
0.181274
0.001554
0.030106
-0.025635
-0.069946
0.025055
-0.086243
0.010101
-0.073608
0.059814
0.088989
-0.027191
0.038086
0.034393
0.118896
0.070923
-0.050507
-0.026611
0.094604
-0.037689
-0.005051
-0.017288
0.133301
-0.098083
-0.017487
0.011848
-0.032257
-0.020584
-0.028946
-0.085632
-0.001554
-0.044861
-0.005440
-0.005440
0.050507
-0.238525
-0.069946
0.071899
-0.141602
-0.020203
-0.042938
-0.187622
0.215576
-0.079651
0.068542
-0.092041
-0.094788
0.049133
0.046051
-0.168213
0.134644
0.003691
-0.104492
-0.004272
-0.045074
0.043304
0.027390
-0.011848
0.164307
0.011269
0.125122
-0.034180
-0.064087
0.020584
0.034973
-0.021759
0.075562
-0.013596
-0.255127
0.029724
-0.023499
-0.004078
0.034973
0.085632
0.217407
-0.022339
0.050903
-0.080200
-0.063293
0.134766
-0.020782
-0.090515
-0.000000
-0.038452
0.011658
0.123535
0.097290
0.031647
-0.130737
-0.010490
0.030502
-0.103333
-0.137939
-0.137329
-0.130493
-0.019623
0.007771
-0.077515
0.072449
0.031860
-0.153198
0.097717
-0.109741
0.102539
0.147217
-0.063110
-0.045258
0.093628
0.102966
-0.182739
0.143555
-0.020584
-0.095154
0.015732
-0.132324
0.039032
-0.097717
-0.062347
0.009323
0.173706
-0.058472
0.000194
0.040405
0.010880
0.095947
0.022339
