shape: [b:2, f:1, x:1, y:128, z:1, w:1, u:1, v:1, g:1] (count: 256, addr: 0xffffaaad573bde00, original format: bfyx)
-0.054260
0.080139
-0.061096
0.007526
-0.002100
-0.005249
0.073853
0.074402
0.061951
0.023102
-0.028702
-0.007351
0.088013
0.007175
-0.059845
0.053375
0.046570
-0.175781
-0.209717
0.090515
-0.000350
0.015930
-0.130371
-0.070007
0.238037
0.071411
-0.026779
-0.089111
-0.021530
0.076660
0.053894
0.030457
-0.064941
0.040771
-0.026428
-0.057922
-0.012428
-0.071777
-0.048309
-0.126953
0.062683
-0.082764
0.037994
-0.076111
-0.039368
-0.016983
0.103943
0.114624
-0.045502
0.047272
0.051270
-0.083984
-0.274414
-0.077881
0.111328
0.077209
-0.100281
-0.030624
0.014877
0.170532
0.044098
-0.034821
-0.136353
0.027832
0.044647
0.002451
0.151733
0.145752
-0.027298
-0.153198
0.093262
0.038696
0.046387
0.099243
-0.039917
0.009277
-0.314697
-0.040253
0.057404
-0.025558
-0.118164
-0.033264
-0.089111
-0.085754
0.067566
-0.116211
0.156494
-0.020996
-0.029404
-0.051636
-0.057587
0.034485
-0.054596
-0.054962
-0.020477
-0.111694
-0.074036
0.049011
-0.210083
0.025558
0.000525
-0.039551
-0.160156
-0.009804
0.022751
-0.022400
0.020996
0.033417
0.036926
-0.116394
-0.149414
0.041840
-0.014702
0.168091
0.089783
-0.057068
0.022232
-0.046570
0.023102
0.005775
-0.061798
0.001050
-0.036407
-0.015053
-0.062988
0.021881
-0.107971
0.170654
-0.068481
-0.036224
0.022781
0.000172
-0.059692
0.183228
0.028809
-0.131714
0.074707
0.016907
0.042969
0.161011
-0.128662
0.046234
-0.047455
-0.127808
-0.178711
0.000863
0.021576
-0.086975
-0.015526
-0.252197
0.060211
0.039185
0.045563
-0.035553
-0.058655
0.196167
0.005177
-0.006386
-0.032776
-0.074524
-0.019669
-0.043152
-0.026566
-0.098511
0.120422
-0.038483
0.151489
-0.028809
-0.089050
-0.054871
0.035889
0.118896
-0.005520
0.163452
-0.070740
0.096619
-0.070374
-0.008629
-0.119385
-0.064026
0.044525
-0.046417
-0.177734
-0.035187
0.151367
0.053131
-0.047272
0.086792
0.007763
0.000172
-0.194824
-0.074219
0.022781
0.014320
-0.069336
0.061096
-0.061096
0.034180
0.111145
-0.024506
-0.008972
-0.000863
0.051605
-0.098511
0.029160
-0.013634
-0.001208
-0.052643
-0.076782
-0.000518
0.006729
-0.054535
-0.051758
-0.212280
-0.056427
0.017944
0.015182
0.011909
0.102478
-0.174438
0.132202
0.012772
-0.030884
0.318359
-0.204956
0.024155
0.045197
-0.041229
-0.061951
0.017944
0.113037
-0.040192
-0.041748
0.017426
0.066589
0.035034
0.013115
-0.097290
-0.093323
-0.130981
0.059692
0.044525
-0.117676
-0.008286
0.010872
0.004658
0.011734
-0.136597
-0.019150
0.059875
-0.032776
0.013634
-0.005867
0.010529
-0.171875
0.030029
