shape: [b:2, f:128, x:1, y:1, z:1, w:1, u:1, v:1, g:1] (count: 256, addr: 0xffffaaad573be000, original format: bfyx)
-0.041504
0.020187
-0.089111
0.048920
0.106262
0.132080
0.132568
0.071838
0.008400
-0.044250
0.015343
-0.019699
-0.001130
0.069275
0.059265
-0.042480
0.053284
-0.222046
-0.130493
-0.002907
-0.029709
0.069763
0.000323
-0.012917
-0.154053
-0.003229
-0.169556
-0.006943
-0.031647
-0.032440
-0.099976
0.023087
-0.125122
-0.186523
0.071228
-0.012756
0.010498
-0.074585
-0.054565
0.026321
-0.045868
0.103027
0.132202
0.095093
0.031799
-0.036011
0.016144
-0.024384
-0.086853
-0.046326
-0.107849
0.055237
-0.041656
0.113831
0.025681
0.046173
-0.066040
0.056671
-0.009689
-0.046661
0.013725
0.100891
-0.001776
-0.106384
-0.017120
-0.020508
0.185547
-0.001615
-0.003551
-0.111755
0.002907
0.025345
0.248291
0.041504
0.178589
0.059753
0.013237
0.239014
0.076233
0.127686
-0.049255
0.084290
0.126709
-0.104309
-0.014854
0.021805
0.118225
0.029221
0.009041
-0.004036
-0.157959
0.131958
-0.022934
-0.041504
-0.023575
0.030685
-0.030518
-0.117859
-0.034729
0.076233
-0.127441
-0.082642
0.099976
0.043915
0.028900
0.013237
0.214111
-0.094482
-0.067200
0.035675
0.044250
0.183472
0.123657
0.081055
0.120483
-0.050873
-0.083130
0.087524
0.084106
-0.009201
-0.066345
0.186279
-0.083130
0.073608
0.043610
0.047485
0.029221
0.079956
-0.075378
-0.201660
-0.187622
0.020386
0.088257
0.203003
0.372803
-0.011826
-0.039917
-0.034943
0.028275
-0.069763
-0.065430
0.143799
0.010963
-0.067688
-0.028275
0.011307
-0.109497
-0.126099
-0.048676
-0.032227
0.179077
0.032227
-0.063416
0.081543
-0.010109
-0.036163
-0.068359
0.113953
-0.049347
0.014908
-0.045746
0.193848
0.035980
-0.076050
-0.067505
0.055176
0.269287
0.146851
0.091492
-0.059631
0.029984
0.106262
-0.000343
-0.031006
0.087585
-0.027420
0.023987
-0.028778
0.018845
0.231689
0.050903
0.015930
-0.001714
-0.023651
-0.033081
0.119080
0.048828
0.094604
0.085693
-0.040436
0.100952
0.062378
0.007366
0.010452
0.027069
0.024155
0.002399
-0.024506
0.016449
0.019699
0.002228
-0.044708
-0.012505
-0.044708
-0.067871
-0.123901
-0.091309
-0.007710
0.010452
0.013023
0.010452
-0.042999
0.007027
-0.008736
-0.002056
0.099365
-0.076416
-0.058258
0.050903
0.132568
0.060150
-0.049683
0.056213
0.061676
0.075195
0.023987
0.018677
-0.055695
-0.157104
-0.069580
0.091675
-0.098511
-0.069885
-0.163452
0.029816
0.014908
0.120972
0.107605
-0.023819
0.071777
-0.063538
-0.048157
0.109497
-0.053986
-0.007366
-0.143921
0.079834
-0.089111
0.044220
0.022964
-0.072998
0.152710
-0.050537
-0.012680
0.007538
0.037537
