shape: [b:1, f:64, x:1, y:2, z:1, w:1, u:1, v:1, g:1] (count: 128, addr: 0xffffaaad574f9e00, original format: bfyx)
0.000094
0.000079
0.000122
0.000109
0.000149
0.000159
0.000170
0.000180
0.000174
0.000168
0.000152
0.000156
0.000157
0.000180
0.000170
0.000159
0.000192
0.000148
0.000213
0.000189
0.000188
0.000202
0.000181
0.000201
0.000198
0.000169
0.000183
0.000167
0.000155
0.000219
0.000179
0.000189
0.000173
0.000186
0.000179
0.000181
0.000197
0.000173
0.000189
0.000183
0.000183
0.000187
0.000193
0.000184
0.000198
0.000182
0.000185
0.000206
0.000161
0.000175
0.000184
0.000170
0.000195
0.000184
0.000162
0.000182
0.000172
0.000183
0.000165
0.000194
0.000186
0.000161
0.000173
0.000193
0.000172
0.000171
0.000155
0.000170
0.000178
0.000184
0.000161
0.000171
0.000157
0.000171
0.000170
0.000188
0.000170
0.000173
0.000136
0.000169
0.000162
0.000153
0.000183
0.000176
0.000194
0.000195
0.000166
0.000186
0.000160
0.000188
0.000186
0.000181
0.000172
0.000183
0.000164
0.000165
0.000168
0.000166
0.000188
0.000192
0.000169
0.000196
0.000168
0.000169
0.000192
0.000179
0.000178
0.000194
0.000184
0.000191
0.000187
0.000171
0.000158
0.000185
0.000189
0.000185
0.000179
0.000161
0.000153
0.000154
0.000160
0.000163
0.000190
0.000172
0.000170
0.000173
0.000205
0.000174
