shape: [b:1, f:64, x:1, y:2, z:1, w:1, u:1, v:1, g:1] (count: 128, addr: 0xffffaaad5734d600, original format: bfyx)
0.693972
0.683973
0.693267
0.684230
0.694145
0.685267
0.694537
0.684367
0.694706
0.683792
0.693511
0.684306
0.694055
0.684987
0.693118
0.683739
0.693910
0.685017
0.693501
0.685062
0.692561
0.684646
0.695121
0.685369
0.694711
0.684056
0.693791
0.684941
0.692042
0.683263
0.694475
0.684586
0.693285
0.684926
0.693856
0.683769
0.692966
0.683361
0.693691
0.683784
0.693706
0.684926
0.694264
0.683807
0.694711
0.684056
0.694591
0.684805
0.692127
0.683029
0.693964
0.684056
0.693541
0.685191
0.693718
0.684351
0.692695
0.684291
0.693084
0.683255
0.692695
0.684291
0.693289
0.682863
0.693752
0.683920
0.693236
0.683641
0.692492
0.685017
0.692127
0.683029
0.694537
0.684367
0.694098
0.683611
0.692538
0.683943
0.694055
0.684987
0.693084
0.683255
0.693479
0.683595
0.693650
0.684223
0.694079
0.683014
0.693706
0.684926
0.694591
0.684805
0.693691
0.683784
0.692127
0.683029
0.692542
0.683505
0.692561
0.684646
0.693969
0.684427
0.695121
0.685369
0.694392
0.684646
0.692732
0.682931
0.693105
0.683739
0.694127
0.684261
0.693650
0.684223
0.693650
0.684223
0.694068
0.685153
0.692542
0.683505
0.693691
0.683784
0.695219
0.684019
0.693156
0.684336
0.693598
0.683852
