shape: [b:2, f:128, x:1, y:1, z:1, w:1, u:1, v:1, g:1] (count: 256, addr: 0xffffaaad573bde00, original format: bfyx)
-0.081482
0.095276
0.042725
0.029846
-0.019241
-0.009239
0.010452
-0.013939
0.049835
-0.062134
-0.060608
0.014694
-0.069092
-0.069824
-0.060455
0.099243
0.042419
-0.101074
-0.065918
0.017731
0.029999
0.020447
0.060913
0.093811
0.129272
-0.036957
-0.033020
0.046967
-0.010452
0.080933
-0.028793
-0.065430
0.013031
0.058624
0.020905
-0.099670
-0.010002
-0.333008
0.098633
0.118042
0.033783
-0.142456
-0.107849
0.027878
0.025909
0.099243
0.009697
-0.250488
-0.099670
0.049255
0.021057
0.093201
-0.004848
0.115479
0.058167
-0.143799
0.036957
-0.118652
-0.093506
0.073792
-0.189819
0.138672
-0.063477
-0.083313
-0.128296
-0.171387
-0.102722
-0.006668
0.108154
-0.015152
-0.016968
0.051514
0.019394
0.004547
0.093323
0.060303
-0.229736
-0.023636
-0.068604
0.146851
0.073303
-0.139648
0.043793
-0.077271
-0.034851
0.003181
0.186523
0.028946
0.001212
0.035309
0.005608
0.109985
0.022568
0.040466
0.010300
0.022720
0.075439
0.016815
0.088623
0.099365
0.080627
-0.025299
0.120178
0.047882
0.000000
0.111206
-0.044250
0.099670
0.149048
-0.135010
0.060760
-0.071838
-0.012878
-0.131714
-0.020447
-0.029388
0.057892
-0.037415
0.004242
-0.157471
-0.042114
-0.053192
-0.134644
0.080933
-0.077271
0.039551
-0.046509
-0.123962
0.038849
0.017441
0.021423
-0.057343
0.162842
0.203003
0.105164
-0.056641
-0.069763
-0.025391
0.089478
-0.039886
-0.069946
0.026245
-0.031082
-0.204102
0.063232
-0.079590
0.053009
-0.220337
-0.203613
0.128540
-0.272705
-0.136108
-0.007942
-0.163696
0.051483
-0.061646
0.017273
-0.027985
-0.025040
-0.015884
0.106384
-0.101379
-0.042145
0.009842
-0.030228
0.146240
-0.026245
-0.043518
0.067871
0.160767
-0.034729
0.216919
-0.079773
0.015541
-0.046631
0.000691
0.034210
0.011055
-0.024002
0.032471
-0.199829
-0.063538
0.058380
0.004490
0.115356
0.083923
-0.048187
0.022446
0.076660
0.045776
0.055084
0.050079
-0.121582
-0.015373
0.034027
-0.063049
0.196167
0.072205
0.266602
-0.062866
-0.107056
-0.014511
-0.041443
0.068054
0.024002
0.020203
0.010193
-0.070312
-0.028503
0.098816
0.034210
-0.024704
0.151855
0.114868
-0.033844
-0.050598
-0.011742
-0.024002
0.104492
-0.134155
-0.061646
0.073914
0.056824
0.151611
-0.037476
-0.026947
-0.006737
-0.138184
0.103638
-0.065430
0.053192
-0.004318
0.068909
-0.062347
0.060974
-0.018829
0.051483
0.040924
-0.053711
0.075134
-0.030045
-0.060791
0.040588
-0.014336
0.015198
0.002419
-0.062683
0.117432
0.029190
-0.029358
0.017792
-0.012093
-0.037659
-0.017624
0.068237
0.016586
