shape: [b:2, f:1, x:1, y:128, z:1, w:1, u:1, v:1, g:1] (count: 256, addr: 0xffffaaad573bde00, original format: bfyx)
-0.041748
0.012077
-0.036224
0.041077
-0.093933
-0.057526
0.011238
-0.004864
0.010231
0.104004
0.002516
0.015091
0.007545
-0.005367
0.028336
0.050476
-0.043610
0.134888
0.124939
0.071960
0.001844
0.085876
0.019623
-0.088745
0.011909
0.005535
0.032379
0.032196
-0.144409
-0.037384
0.044281
0.033051
-0.194092
-0.044434
0.002516
0.016098
0.022308
-0.410156
-0.003857
0.084351
-0.071106
0.001006
-0.129150
0.111206
-0.086853
-0.017441
0.045959
0.087036
0.116577
-0.080322
-0.076660
-0.024826
-0.056854
-0.139648
0.025833
0.067749
-0.050659
0.003019
-0.032379
-0.010399
-0.098450
-0.118713
-0.000671
-0.053009
-0.000503
0.030518
-0.187378
-0.014755
-0.036407
0.032532
0.184692
-0.059204
0.031708
-0.144775
-0.100769
0.022476
-0.185791
0.035889
0.005535
-0.127808
0.127441
-0.116028
-0.065918
-0.018616
0.017273
-0.082825
-0.024994
-0.070251
0.019623
-0.228027
0.184814
0.009056
0.035889
0.011909
-0.063232
0.043427
-0.009224
0.025162
0.023819
-0.006039
0.028168
-0.011238
0.054169
0.062225
0.000503
-0.021973
0.012413
0.075806
0.147095
0.044098
0.160645
-0.020630
0.040924
-0.147949
0.033539
0.017944
-0.096436
-0.055511
-0.090088
0.165649
0.006207
-0.058197
0.144287
0.099426
0.218140
0.095093
-0.026840
-0.011406
-0.071655
0.021515
-0.100830
0.202148
0.140137
0.128906
-0.024750
0.082520
0.070862
-0.046600
-0.113403
0.060516
-0.040771
0.046753
0.002588
0.152100
0.046265
-0.043518
-0.186523
0.230713
0.130249
-0.060516
0.075867
0.046448
-0.037384
0.044983
0.074768
0.149292
0.001618
-0.022003
0.105469
0.041901
0.070068
0.083679
-0.031708
0.073792
0.073120
0.051453
0.018936
0.024597
-0.014236
-0.211304
-0.065186
-0.084473
-0.191895
0.003721
-0.000324
0.036407
-0.173828
0.029449
0.022171
-0.016174
-0.034790
-0.049194
-0.010681
-0.046448
-0.104980
-0.020218
0.021515
0.000809
-0.006794
0.046600
-0.024277
0.104553
0.204468
0.017319
-0.019089
0.052917
-0.193359
0.000162
-0.071533
-0.035278
0.059052
0.003397
-0.026367
0.121338
0.026535
0.006958
-0.042389
-0.083679
0.193848
0.021362
-0.020386
0.004368
0.007118
-0.108093
-0.056793
-0.122986
0.009872
-0.023788
-0.035767
0.078613
-0.058258
-0.062286
0.036255
-0.267334
0.044830
-0.058075
0.025085
0.127197
-0.263428
-0.025085
-0.149536
0.032684
0.145996
0.159668
-0.045959
0.045776
-0.009872
-0.018936
-0.109192
-0.066650
-0.063721
-0.021683
-0.032837
0.025406
-0.001456
-0.027176
0.015701
0.085571
0.037872
0.072021
-0.113281
-0.003397
-0.058075
-0.046448
-0.035767
-0.011650
