shape: [b:2, f:128, x:1, y:1, z:1, w:1, u:1, v:1, g:1] (count: 256, addr: 0xffffaaad573bde00, original format: bfyx)
0.019485
0.056458
0.028229
0.054443
-0.022583
0.125977
-0.154907
0.018204
0.047699
0.012566
-0.096680
-0.013290
0.044800
0.004005
-0.076477
0.018387
0.013840
-0.204102
-0.053711
0.034790
-0.043152
-0.048615
0.054077
0.045349
-0.016937
0.022400
0.036957
-0.035889
-0.104736
0.119263
-0.044434
-0.213745
-0.059540
-0.015297
0.043884
-0.018936
0.033875
0.250488
0.134033
0.025497
0.006920
-0.165405
-0.023666
0.092163
-0.050079
0.006374
-0.093445
0.018204
-0.078125
-0.028412
-0.138184
-0.019669
0.078857
-0.087219
0.074463
0.078125
-0.001639
0.047180
-0.124939
0.043335
-0.010384
-0.113464
0.008743
-0.188477
0.177734
-0.100891
-0.071777
-0.009285
0.036957
0.002914
0.104187
0.018570
0.016571
0.065735
0.024582
-0.228516
-0.141479
-0.128052
0.056458
0.023849
0.037506
-0.004005
0.024765
-0.195190
0.151123
0.120728
0.151733
0.107239
-0.074280
-0.161865
0.089417
-0.046631
-0.035522
-0.001639
0.024033
-0.021118
0.067566
0.032959
0.018204
0.021667
0.078125
-0.058441
-0.049530
0.118347
-0.040070
0.054077
0.054443
-0.034424
0.036957
-0.134033
-0.108521
0.012199
0.053711
-0.143799
-0.221558
-0.041351
-0.088318
-0.002186
0.040436
0.145508
-0.008011
-0.060272
-0.002550
0.148926
0.057007
0.133545
-0.075378
0.008926
0.036591
-0.025360
0.128052
0.053070
-0.103760
-0.017029
-0.130249
-0.029709
0.012138
0.012863
-0.021194
0.099976
0.183105
-0.123169
0.006519
0.000181
0.062134
0.004349
-0.174927
-0.120239
0.108887
-0.208252
-0.045654
0.017563
0.024277
0.038025
0.031708
-0.017395
-0.006702
0.006882
-0.037842
-0.064331
-0.161743
-0.002716
-0.027893
0.066101
-0.140747
0.264160
-0.127197
-0.005074
-0.036407
0.058685
0.029526
-0.084961
-0.067932
0.001087
-0.063599
-0.027527
0.189087
-0.018478
-0.008873
-0.010323
0.164307
0.100891
0.156372
0.065918
-0.030426
0.088013
0.057953
-0.043823
0.060669
0.070435
-0.016479
0.049072
0.239624
-0.007790
0.052887
-0.009964
-0.027344
0.081848
-0.156372
0.111755
-0.055786
-0.002716
-0.066650
-0.016663
0.061768
-0.039490
0.107971
-0.090393
-0.123901
-0.098328
0.040039
-0.112488
0.000724
0.125854
-0.041840
0.059601
-0.069763
0.007065
-0.013222
0.198853
0.043823
0.010506
0.061951
0.192017
0.091858
-0.007065
-0.019928
0.170410
-0.028793
0.050720
0.066284
-0.056885
0.117371
0.103455
0.000544
0.044556
-0.073730
-0.190918
-0.106140
0.118835
0.065552
0.145142
-0.038025
-0.001087
0.044006
0.064148
-0.007790
0.021729
-0.015038
-0.039856
0.029343
0.010864
-0.030426
0.140503
0.052338
-0.005978
