shape: [b:2, f:128, x:1, y:1, z:1, w:1, u:1, v:1, g:1] (count: 256, addr: 0xffffaaad573bde00, original format: bfyx)
0.091492
-0.013802
0.038788
0.035828
0.082520
0.028854
0.027771
0.037689
0.045288
-0.026520
0.048553
0.014114
0.022797
0.049164
-0.027771
0.021088
-0.085144
-0.038940
-0.064819
-0.157471
-0.014893
0.020325
-0.237915
-0.054138
0.147339
0.069519
0.001241
0.343994
0.089661
-0.161133
0.040649
-0.145996
-0.021713
-0.035980
-0.075989
-0.017212
-0.115723
0.047607
-0.007755
-0.068420
0.070557
0.045288
0.156982
-0.038788
0.051025
0.019073
0.002947
-0.151978
0.026062
0.035675
0.259277
0.038147
0.165649
0.006981
0.040161
0.186157
-0.060181
0.110779
0.043884
0.013962
-0.122253
0.065125
-0.169434
-0.013031
0.026840
-0.063599
-0.169556
-0.035828
-0.045441
-0.029160
-0.054291
0.022797
0.054138
0.107666
-0.089172
-0.149780
-0.204712
-0.036926
-0.016449
0.050262
-0.010544
0.007755
0.179932
0.037537
-0.099121
-0.011475
-0.135742
0.008690
-0.045898
0.070740
-0.058472
0.025909
0.032715
0.071838
0.066833
0.003258
0.092468
-0.030243
-0.247681
-0.037842
0.032104
0.015198
-0.011169
0.027924
0.085754
-0.021561
-0.002792
-0.093811
0.115417
-0.066406
-0.006668
0.047943
0.003101
0.088745
-0.012253
0.024200
-0.015045
0.000310
0.086243
-0.025436
0.098206
0.058319
0.082703
0.101746
-0.002481
-0.039551
0.007290
-0.072571
-0.013992
0.017487
0.069946
-0.085632
-0.082947
-0.248657
0.014824
-0.096252
0.257812
0.007996
-0.022156
-0.121887
0.051971
-0.087097
-0.003664
-0.167725
0.094788
0.032654
0.020157
0.097412
-0.008995
0.044464
-0.042969
0.064270
0.278320
-0.000333
0.014320
-0.132446
0.077454
0.014824
0.193848
0.096252
0.054291
0.047791
0.025650
-0.056122
-0.398682
-0.061951
0.037140
0.002998
-0.025650
-0.013161
0.031982
0.032990
0.082642
0.036133
0.064636
0.002499
0.089111
0.008492
0.066772
-0.043304
0.031494
0.006996
-0.062988
0.072632
-0.152588
0.103943
-0.070801
0.057465
0.004829
0.054962
0.005997
-0.053955
0.111084
-0.093933
0.069458
0.039307
-0.263672
0.047150
-0.038300
0.040649
0.000666
-0.004997
0.012329
0.106262
0.084595
-0.069641
-0.124084
0.063965
0.018326
-0.031494
-0.040649
0.027313
0.032135
-0.005329
0.034973
-0.067932
-0.011162
0.053619
0.007996
0.204590
0.052124
-0.082275
0.017487
-0.119446
0.001332
0.013489
-0.077271
0.078125
0.150391
-0.054962
-0.018661
0.044128
-0.054138
-0.067932
-0.020981
-0.029312
-0.126099
-0.059296
-0.020660
-0.052307
-0.056793
0.085632
-0.104614
0.009163
0.079590
-0.031982
0.022491
0.060455
-0.038147
-0.011490
0.114929
0.001332
0.067261
0.011658
-0.034485
-0.025818
