shape: [b:2, f:128, x:1, y:1, z:1, w:1, u:1, v:1, g:1] (count: 256, addr: 0xffffaaad573be000, original format: bfyx)
-0.014252
0.041656
0.049591
-0.012268
0.096130
0.002525
0.014793
-0.042389
0.030304
-0.033020
-0.005951
-0.134766
0.000361
0.127197
-0.161011
0.212280
-0.076111
0.014793
0.007214
0.020020
0.034088
0.211792
-0.037506
-0.028671
0.177246
-0.015152
-0.040039
0.039124
-0.103699
-0.082764
0.171875
0.238403
-0.062042
-0.026871
-0.067078
-0.120300
-0.049957
0.093262
0.054474
0.080994
-0.016586
0.050140
-0.020920
0.005051
0.031738
0.102417
-0.016769
0.026337
0.185181
0.008835
-0.015327
-0.010643
0.046906
-0.048157
0.047791
-0.079895
0.061859
-0.088928
0.071594
-0.034454
-0.135498
-0.180176
0.017319
0.008293
-0.027420
-0.185059
0.176880
0.196411
-0.068542
-0.044556
-0.083679
0.016235
0.205811
-0.013344
0.042023
0.015869
0.082092
-0.063110
-0.006855
-0.060791
-0.017319
0.009377
0.085693
0.013168
-0.087646
-0.055176
-0.132324
0.001082
0.226929
-0.057892
0.118347
-0.103149
-0.060608
-0.024170
-0.027237
-0.042023
0.104614
-0.099365
-0.028503
-0.091614
0.052490
0.065857
-0.096680
-0.083130
-0.166992
0.049408
0.079712
0.061859
-0.042206
-0.007576
0.099915
-0.038422
0.036621
-0.171875
-0.087280
0.033356
-0.103333
-0.031204
0.083496
-0.022186
-0.138916
0.003607
0.017502
-0.023621
0.045624
-0.019836
0.061157
-0.116699
-0.178833
-0.001823
-0.072754
-0.002005
-0.024246
-0.017502
0.167725
0.043945
0.014404
-0.009300
-0.040649
-0.044128
-0.041199
-0.144531
0.096436
-0.018784
-0.023148
0.015854
0.126709
0.012215
0.017685
0.001094
0.087158
0.020966
-0.112488
0.040649
-0.094055
-0.016769
0.026260
-0.065613
-0.009300
-0.077454
0.062744
-0.140381
-0.098633
-0.077454
-0.014038
0.013672
-0.131592
0.089539
-0.142578
-0.083130
-0.068542
-0.101746
-0.012764
-0.058899
0.011124
0.104126
0.117981
-0.029175
-0.007473
0.124146
-0.181030
0.018600
-0.011482
0.001276
0.049591
-0.157104
-0.025162
-0.080933
0.038300
0.103027
-0.086243
0.053223
-0.026428
0.009483
0.226074
-0.015495
-0.096436
-0.031891
-0.077271
0.155396
0.006927
0.040100
0.055603
-0.100830
-0.040100
0.196411
0.164673
-0.003099
0.129761
0.004559
0.085327
-0.236938
-0.009842
0.052338
-0.026794
-0.036285
-0.088257
0.161865
-0.044678
0.107910
0.067810
-0.115601
0.125488
-0.051239
0.085144
0.189453
0.097900
-0.073853
-0.075317
0.102112
-0.092041
-0.031555
-0.094604
0.036102
0.039001
-0.014771
0.050323
-0.027161
0.065979
-0.051971
0.133423
-0.005287
-0.065430
-0.154175
-0.021515
0.101196
-0.105530
0.000182
0.042664
-0.078552
-0.147095
0.115234
0.155396
0.067993
-0.047760
0.043945
