shape: [b:2, f:128, x:1, y:1, z:1, w:1, u:1, v:1, g:1] (count: 256, addr: 0xffffaaad573be000, original format: bfyx)
0.037079
0.178467
-0.048798
-0.117493
-0.079956
0.062012
-0.019760
0.031311
0.055634
-0.071899
0.132202
-0.016876
-0.176514
0.248413
-0.018539
0.012772
-0.003040
0.055023
-0.083923
-0.000304
-0.014290
-0.021744
0.069458
0.074646
-0.177979
-0.019150
-0.174683
0.059143
0.068542
-0.145630
-0.080750
-0.106079
-0.071289
-0.223633
0.009125
0.042267
-0.076904
-0.004711
0.062927
-0.057312
-0.021133
-0.119507
0.162231
-0.009727
0.015503
0.001216
0.002432
0.120422
0.145508
0.151978
-0.049103
-0.036194
-0.032684
0.030701
0.016266
-0.070374
-0.134521
0.010948
0.044861
0.030563
0.139160
-0.013680
-0.071289
-0.007603
0.050781
0.169922
0.023712
0.181641
0.079224
0.012466
0.035278
-0.021286
-0.012009
0.005169
0.041809
0.065979
-0.095459
0.065247
0.073730
-0.109924
-0.013832
-0.046051
-0.081299
-0.002129
-0.031769
0.055023
0.271973
-0.017487
-0.015350
0.024323
-0.032990
-0.069458
0.004864
0.034515
-0.012161
-0.087280
0.121460
-0.008820
-0.226318
-0.008362
-0.000304
0.111145
-0.041656
-0.000912
0.056854
-0.009422
-0.007904
-0.048035
-0.022949
0.067810
-0.031464
0.108521
-0.177734
0.012161
-0.043945
0.009125
0.024323
-0.003649
-0.079529
0.259766
0.067505
-0.052155
0.067627
-0.051392
0.093933
-0.026749
0.109314
-0.020523
-0.243530
0.114380
0.099182
0.013283
-0.053772
0.134766
-0.152466
0.073914
0.009438
0.067200
0.033112
-0.032013
0.040955
0.148315
0.062073
0.070251
-0.016312
-0.030563
-0.100159
-0.016953
-0.059509
-0.119995
0.032471
0.035675
-0.140625
0.054230
0.011360
-0.013283
0.084656
-0.151367
0.067383
0.286621
0.022873
-0.054871
-0.057281
0.115662
0.054718
-0.096313
0.197266
0.031830
0.077087
-0.013756
0.015198
-0.021912
-0.014557
-0.045105
-0.071655
0.056488
0.136963
0.015518
-0.028320
0.051666
-0.031204
0.019196
-0.065918
0.014717
0.087830
0.172363
0.012482
0.054565
-0.028641
-0.010719
-0.077454
0.009918
-0.061768
0.121094
0.044952
-0.006081
-0.059998
0.011520
0.051849
0.142578
-0.043182
0.045593
-0.106567
-0.050385
0.136841
0.091187
0.146606
-0.109131
-0.019516
-0.062225
-0.169434
0.192749
-0.049744
0.016327
0.039825
0.058716
0.025284
-0.034393
0.008316
0.049927
-0.080139
0.106689
0.003839
-0.097107
-0.044800
-0.055023
0.006561
0.090698
0.053925
-0.119995
-0.105774
0.030243
0.121765
0.199707
-0.062408
-0.024323
0.035034
-0.054718
-0.001440
-0.022232
-0.029922
-0.091187
0.129639
-0.052795
-0.163452
0.009598
0.200317
0.105408
0.101135
0.000800
0.095032
0.033752
0.076477
0.111023
-0.062561
0.017761
