shape: [b:2, f:1, x:1, y:128, z:1, w:1, u:1, v:1, g:1] (count: 256, addr: 0xffffaaad573be000, original format: bfyx)
-0.001514
0.038361
0.101440
0.149170
0.075195
-0.157471
0.018921
0.081482
0.058044
0.041138
0.010597
0.059814
-0.091370
-0.048187
-0.062866
0.090088
-0.120605
-0.007317
-0.206421
0.018677
0.010094
-0.114075
0.131714
-0.032806
0.000504
-0.072693
0.151611
-0.121155
0.065857
0.257324
0.163818
-0.068909
0.034332
-0.078979
-0.116821
-0.107483
-0.019424
-0.170532
0.012619
0.036346
-0.004795
0.061584
0.041382
-0.106018
-0.014130
-0.088074
-0.018173
-0.062866
0.131958
-0.111267
-0.037109
-0.157715
-0.030792
0.014633
0.080017
-0.074463
0.031799
-0.082031
-0.137329
0.008072
0.007572
-0.003786
0.029526
-0.002018
0.015900
-0.027008
0.058044
0.104248
0.005550
0.187012
0.014130
-0.017410
-0.070435
0.056793
-0.048706
-0.112793
0.000504
0.020187
-0.052246
-0.122131
-0.013878
-0.102966
0.043915
0.189331
0.039124
0.001009
-0.101929
-0.040375
-0.079224
0.112305
0.109253
0.059570
-0.044678
-0.030029
-0.045166
-0.204956
0.018173
-0.064575
0.064331
-0.004543
-0.142578
-0.003281
-0.168091
-0.051727
0.048950
0.103210
0.018677
-0.000504
-0.106262
-0.009338
0.036346
-0.027756
0.064575
0.060577
0.136475
-0.038116
-0.032288
0.068115
-0.080505
0.060303
0.202393
-0.109497
0.177612
0.005047
-0.005047
0.091858
0.017410
0.119141
0.011101
-0.084778
0.002846
-0.101868
0.052368
0.071411
0.022766
0.060608
0.007965
0.019348
0.007114
0.048096
0.222778
-0.091614
-0.020493
-0.021912
-0.008537
0.013657
0.069458
0.029312
-0.035004
-0.013657
-0.168457
0.062042
-0.025330
0.077148
-0.016785
0.148315
-0.187500
0.078247
0.043243
0.156860
0.016510
-0.131470
-0.001423
0.040985
-0.095032
0.112122
-0.022202
0.011383
-0.013092
-0.021622
-0.009109
0.035278
-0.040131
-0.064026
-0.008537
0.178101
-0.028458
0.000854
-0.172729
0.066895
0.112427
-0.019928
0.019348
-0.026184
-0.020203
0.023911
0.017075
0.124390
-0.130615
0.036438
0.158203
-0.047821
0.040985
-0.083069
-0.016220
0.081665
-0.035858
-0.060059
-0.081970
-0.007401
-0.001991
-0.026749
-0.031586
-0.116394
-0.028458
0.029312
-0.070312
-0.012238
-0.007114
-0.024765
0.168701
0.218506
-0.018219
-0.008537
-0.005405
0.011101
-0.007965
-0.043823
-0.018784
-0.168457
0.137695
0.029602
-0.073975
-0.044952
0.094788
0.037567
-0.098206
0.036713
0.181274
0.150513
-0.359619
-0.006546
0.007965
0.161133
-0.019073
-0.021347
-0.001139
0.029602
0.087952
0.281006
0.051239
0.075439
0.012520
0.006260
-0.046967
-0.037567
-0.060059
0.078857
0.000285
-0.017075
-0.019348
0.110107
-0.050079
-0.062622
-0.174438
0.052063
