shape: [b:2, f:128, x:1, y:1, z:1, w:1, u:1, v:1, g:1] (count: 256, addr: 0xffffaaad573be000, original format: bfyx)
-0.063660
0.168945
-0.052643
-0.033478
-0.016663
0.062317
-0.044647
0.111145
0.071655
-0.011162
0.064819
0.034332
-0.055298
0.041473
0.069153
-0.006996
0.035309
-0.065979
-0.139771
-0.015495
0.052643
-0.151733
-0.101624
0.136475
-0.055145
0.026154
0.174561
-0.114136
0.098267
-0.139282
-0.095459
0.088440
-0.063660
0.098450
-0.054810
0.034973
0.010666
0.046814
-0.085327
-0.114807
-0.035980
0.009666
0.056305
-0.008667
0.045135
0.032654
0.068970
0.078125
0.006996
0.138916
0.052155
0.068787
-0.098450
-0.004498
-0.064148
0.024994
-0.009827
0.016998
0.063171
0.029160
0.073792
-0.076782
0.042480
-0.166626
0.016327
0.099976
0.037476
-0.323486
-0.226074
0.052643
-0.010826
-0.008827
0.176392
-0.029160
-0.183228
-0.089478
0.111450
0.037811
0.012497
0.085815
0.067627
-0.001166
-0.004665
-0.031982
0.044312
0.017166
-0.056641
-0.005333
-0.040314
0.050659
-0.067993
0.038971
-0.025650
0.007828
0.037994
-0.071777
0.079773
-0.039825
0.063965
0.057312
-0.048157
0.052979
-0.069275
-0.046478
0.085815
-0.162231
0.008331
0.110474
0.089294
-0.051971
0.004833
-0.069946
0.023987
-0.328857
0.078308
0.002998
-0.068298
-0.015991
0.026489
-0.198120
-0.099792
-0.140137
-0.087280
-0.008995
0.038330
0.072449
-0.101807
0.086609
0.070923
-0.033142
-0.067139
-0.122803
-0.077087
0.101868
-0.132812
-0.019577
0.023361
0.004467
-0.003952
0.008415
-0.056000
-0.095825
-0.027481
0.019745
-0.015625
0.000000
0.030746
0.139282
-0.077087
0.021820
0.018723
-0.069397
0.081604
-0.073486
0.113525
-0.053070
-0.058899
-0.006012
0.019241
0.005154
0.019058
0.040527
0.046722
-0.052032
-0.160767
0.065247
-0.510254
-0.062500
0.010475
0.036255
-0.010994
0.182251
0.051178
-0.119873
0.030228
0.056519
0.013565
-0.143066
-0.061310
-0.030579
-0.010651
-0.020782
0.065430
-0.039856
-0.113892
-0.029205
0.023010
0.007729
-0.072998
-0.018204
0.009621
0.001374
-0.047913
0.017517
-0.106323
0.027313
-0.004295
-0.019241
-0.160889
0.142212
-0.104797
-0.000859
-0.046539
-0.138794
0.076233
-0.146118
-0.083130
0.052551
-0.003778
-0.013397
0.107544
-0.194214
0.022156
-0.106506
0.009277
-0.000000
0.058746
-0.115051
-0.014427
0.097046
-0.014252
0.015625
0.013565
-0.035736
0.017868
-0.087097
-0.016312
-0.006699
0.040192
0.030746
-0.030060
0.009621
-0.168945
-0.010307
-0.058228
-0.082275
-0.045166
-0.210083
0.041748
0.116821
0.031250
0.160645
-0.054626
0.146851
0.058411
0.153198
-0.050659
-0.092896
0.043274
0.046387
0.106812
-0.028854
0.031082
0.011848
0.112000
0.040527
