shape: [b:2, f:1, x:1, y:128, z:1, w:1, u:1, v:1, g:1] (count: 256, addr: 0xffffaaad573bde00, original format: bfyx)
0.039154
0.027893
0.049500
0.102722
-0.142212
-0.092712
0.053925
-0.073303
-0.003325
0.031036
-0.052643
0.065735
-0.019394
0.012932
-0.143311
-0.014778
-0.118774
-0.140381
-0.091614
-0.087341
0.003880
-0.046539
0.115051
-0.047668
0.114868
-0.046906
-0.002771
-0.149780
0.008308
0.093079
0.060394
-0.163696
-0.105286
0.032867
-0.067444
-0.016068
0.026230
-0.130005
-0.005543
-0.177856
-0.046906
-0.067261
0.089233
-0.097168
0.019211
0.050781
-0.029373
0.048584
-0.003695
-0.049316
0.101807
-0.025116
0.160889
-0.150513
0.077026
0.014038
0.107483
0.241943
-0.010712
-0.017731
0.043579
-0.118591
-0.116760
-0.162720
0.048584
-0.106567
-0.149658
0.059296
-0.105469
0.017548
-0.064270
0.027344
-0.051178
0.089600
0.118591
-0.226440
0.131470
-0.093628
0.088318
-0.075928
-0.119141
0.032867
0.067078
0.019394
0.030289
-0.084778
0.134521
0.022720
-0.019760
-0.105103
0.056335
-0.019028
0.000369
0.152954
-0.000739
-0.073303
0.150391
0.127686
0.096985
-0.027145
0.022537
-0.006279
0.047668
0.059662
0.081848
-0.018280
0.076660
-0.073486
0.174561
0.125000
0.071106
0.019760
-0.050598
-0.004063
0.088867
0.054504
-0.052826
-0.052643
0.079041
0.028442
0.075378
-0.116394
-0.002771
-0.046356
0.102356
0.025299
0.095703
0.165161
0.222900
0.011139
0.073975
0.115234
0.030975
0.246826
-0.019485
0.068420
-0.029068
-0.042816
-0.004524
0.012878
-0.048920
0.090332
-0.001740
0.096924
-0.047180
-0.060730
-0.027328
0.111572
0.019485
-0.169312
0.005569
0.106506
-0.045410
-0.090515
0.040039
0.147461
-0.006439
-0.004353
0.075195
0.032532
-0.057434
0.028549
0.031860
-0.046112
0.006615
-0.028198
-0.132324
0.020706
-0.056732
0.259033
-0.005745
-0.097656
-0.176636
0.036041
0.024887
0.028198
0.092224
0.006786
-0.132935
-0.018616
0.073608
0.120789
-0.052734
-0.031342
-0.134888
-0.038635
0.041595
0.012703
0.025940
0.064758
0.063721
0.076416
0.081299
-0.062469
-0.057251
-0.109802
-0.100098
-0.118164
0.069092
-0.070496
0.042297
-0.005222
-0.019485
0.072937
0.061615
0.002958
0.032196
-0.209717
0.047516
-0.048553
0.041077
0.093628
-0.004353
0.187988
0.092041
0.052399
-0.096924
0.002089
-0.072571
-0.178711
0.038300
0.006962
0.101807
0.203491
0.072205
-0.122498
0.012009
0.329590
0.037781
0.106689
0.011490
-0.029587
0.093140
0.017929
-0.014969
-0.136475
0.026459
-0.018097
0.115540
0.034119
-0.074829
0.081482
-0.064209
0.022629
0.035858
-0.050476
0.023148
-0.073120
-0.001740
-0.075684
-0.032379
-0.012703
0.078125
-0.022629
-0.033600
-0.101624
