shape: [b:2, f:1, x:1, y:128, z:1, w:1, u:1, v:1, g:1] (count: 256, addr: 0xffffaaad573bde00, original format: bfyx)
-0.029587
0.029755
-0.091248
0.053680
-0.209106
-0.084961
-0.089111
-0.000332
0.015289
0.005985
-0.043060
-0.065796
0.021942
0.043060
0.056335
-0.046204
-0.089111
-0.154541
0.080811
-0.127808
0.023438
-0.097717
-0.032898
0.101074
0.228027
-0.029419
-0.101074
0.180176
-0.053192
-0.076294
-0.017944
0.002993
0.068481
-0.000665
-0.004154
0.037384
0.005318
-0.117371
-0.021606
0.038391
-0.001828
-0.138306
-0.021271
0.010635
0.081787
0.005318
0.002327
-0.057495
-0.028595
0.159058
0.055695
0.045715
0.154541
0.115173
-0.099243
0.171997
0.037567
-0.051514
0.254150
-0.234009
-0.065125
-0.089417
0.079285
0.038239
0.112000
-0.183105
-0.168213
0.001163
0.062012
-0.037567
-0.033905
0.050354
-0.037384
-0.038391
0.010635
-0.001828
-0.087280
0.066956
-0.015457
-0.006317
-0.008308
0.039734
-0.014961
0.067505
0.012299
-0.134766
0.034393
0.042725
0.040070
0.125366
-0.056335
-0.033081
0.007812
-0.052521
-0.045868
-0.080261
-0.162720
-0.097412
0.092407
-0.045868
-0.058502
0.014297
-0.161743
-0.027924
-0.027588
0.141602
-0.047546
0.165405
0.151978
-0.070496
-0.108704
0.029419
-0.017288
-0.176147
0.065674
0.050018
0.022934
-0.034729
-0.070801
-0.026093
0.058838
0.005985
-0.028915
0.133667
0.034912
-0.018280
-0.002161
0.182983
-0.074707
-0.017990
-0.007416
-0.028549
0.039124
-0.171875
0.023727
-0.103455
-0.083801
0.011864
0.020203
0.022812
-0.070984
0.042450
0.047852
-0.025406
0.248291
0.061371
0.075806
0.137207
-0.138550
-0.093811
0.052643
-0.031342
-0.112915
0.025223
0.011124
-0.132202
-0.032440
0.035980
0.062866
-0.022995
-0.111267
-0.040985
-0.031342
-0.082703
-0.000741
0.081238
-0.005932
-0.061188
0.053406
0.295654
-0.109009
-0.030594
-0.070618
-0.062103
0.171509
-0.024475
-0.109924
-0.017609
-0.007786
-0.114197
0.165894
0.033569
-0.044861
0.081238
-0.039856
0.199463
-0.042633
0.013535
0.024475
-0.048950
-0.093628
-0.001483
0.025589
-0.089905
0.082703
-0.078247
0.108276
0.042084
-0.000185
0.154053
-0.020401
-0.008530
0.007786
-0.243408
-0.057465
0.058044
0.028183
0.119751
-0.060638
0.163940
-0.008904
-0.116272
-0.002966
-0.065613
0.031891
-0.007233
0.067871
-0.101257
-0.143311
0.085449
-0.018356
0.016876
0.095093
0.060822
-0.074524
0.063599
-0.072510
0.026520
0.032806
-0.024658
0.034485
0.046173
0.154297
-0.037811
-0.003338
0.134277
-0.097900
0.062469
0.168579
-0.035583
-0.117371
0.055817
-0.101807
0.077148
0.043579
-0.014832
0.020203
-0.097168
-0.001669
-0.010384
-0.060638
0.021317
0.053955
-0.098267
0.252441
0.049133
