shape: [b:768, f:1, x:4, y:1, z:1, w:1, u:1, v:1, g:1] (count: 3072, addr: 0x7fffab52ba00, original format: bfyx)
-0.001847
0.015327
-0.011406
0.006470
0.008041
0.002001
0.005253
0.006447
0.002035
-0.003788
-0.002829
0.019592
-0.006401
0.008118
-0.008530
-0.015503
-0.004112
-0.016342
-0.018677
-0.007088
-0.013535
-0.003727
-0.010475
-0.007698
0.004097
-0.017548
0.009308
-0.007294
0.000463
0.007736
-0.005207
-0.001451
-0.008156
0.011803
-0.012733
0.002502
0.000583
0.011452
-0.010147
-0.002491
-0.003746
-0.001416
-0.009293
0.006985
-0.006020
0.006409
0.003214
0.001544
0.008049
0.000154
0.002722
0.003492
0.007896
-0.006104
-0.001520
-0.010437
-0.012245
-0.000658
-0.010071
-0.009018
-0.000614
-0.015465
0.003798
0.006008
-0.007935
0.003826
0.000784
0.013947
0.003649
-0.018784
0.001782
0.016464
-0.016327
0.015625
-0.001707
-0.006950
0.014877
0.006626
-0.001115
-0.004108
-0.002586
-0.003162
0.002148
-0.002651
-0.008575
-0.002766
0.014763
0.002224
-0.002607
-0.009102
0.011429
0.009369
-0.000428
0.013191
0.005295
-0.007431
-0.004642
0.006569
0.021713
-0.016693
-0.004494
0.012344
0.003902
-0.000316
-0.002228
0.003967
0.003796
-0.009041
0.018997
0.001312
-0.015495
0.012932
0.006237
-0.013794
0.012146
0.005062
0.015808
0.006844
-0.017044
-0.006603
0.003971
0.008354
-0.003063
-0.000810
0.001283
-0.015945
-0.013039
-0.014153
-0.005474
-0.004539
0.001842
0.018600
0.004536
-0.004230
0.005226
0.003325
-0.006294
-0.007664
0.015045
0.000284
0.004093
-0.014618
-0.004799
0.007950
0.009666
0.008224
0.005005
-0.005199
0.003216
0.015480
0.031006
-0.020233
0.005951
0.007420
-0.002501
0.005077
-0.006458
-0.005707
0.018524
-0.008575
-0.005939
-0.010040
-0.005257
0.004292
0.004814
-0.002869
-0.014076
0.005184
-0.010452
0.010162
-0.011620
-0.010086
-0.006413
-0.013992
0.014801
-0.000859
0.009277
0.002470
-0.002377
-0.004910
0.007782
-0.009048
-0.002584
-0.004372
0.014771
0.007694
0.011292
0.006088
0.009270
0.018051
0.026718
0.014091
-0.005051
-0.009232
-0.000077
0.006107
0.006916
-0.004597
0.002272
-0.009338
0.002090
-0.022827
-0.005085
0.001067
0.002399
0.004742
-0.007988
0.006107
-0.000333
-0.016205
-0.001684
-0.028503
0.003481
-0.002159
0.005089
0.013206
-0.014549
-0.006435
-0.007015
-0.003315
0.000475
-0.005253
-0.016647
-0.006496
-0.004375
0.009430
-0.005604
-0.001680
-0.017670
0.007267
0.009903
0.010925
-0.012047
0.016663
-0.000110
0.006680
0.002819
0.001110
0.018250
0.018417
0.013939
-0.003910
-0.021439
0.003283
0.002592
0.006969
-0.007050
-0.010132
-0.018494
-0.006145
-0.001986
-0.006691
0.003456
0.007164
0.005932
0.011230
0.026642
0.009254
-0.000395
0.001602
-0.007164
0.011421
-0.024353
-0.013206
-0.015732
0.014450
0.005337
0.003544
-0.006126
0.011215
-0.012047
0.004410
-0.019318
0.002605
0.003895
-0.003174
-0.003145
-0.007645
-0.005924
-0.014511
-0.000726
-0.000848
-0.022720
-0.000312
-0.004395
0.002251
-0.008789
0.009216
0.007187
-0.004047
0.007538
-0.014725
0.008896
-0.003780
0.017456
-0.006775
0.004669
-0.012802
-0.001383
0.005707
-0.000855
-0.018066
0.010689
-0.014885
0.005402
0.008194
-0.025009
0.009041
0.000467
0.011444
0.007126
-0.007092
-0.012131
0.001873
0.002314
-0.002005
-0.009750
0.004200
0.003004
0.016571
-0.000697
0.007698
-0.016739
0.001790
-0.007919
-0.001605
-0.001310
-0.014977
0.001491
-0.002085
0.005093
-0.023544
-0.010567
-0.019501
0.000259
0.002853
0.004227
-0.014046
0.012947
-0.004871
-0.010910
-0.006065
-0.019501
0.001099
-0.014168
0.002031
-0.011810
0.025940
0.001115
0.006912
-0.010262
0.009232
0.002064
-0.005970
0.002604
-0.002607
0.027802
-0.006817
-0.005486
-0.000617
0.002962
0.021027
-0.014542
-0.001601
-0.008896
0.005177
0.006935
-0.005909
0.006813
-0.006985
0.001544
-0.005379
-0.014610
-0.000975
-0.003120
0.011131
-0.007317
-0.011063
-0.001209
0.004368
-0.008629
0.004562
-0.009094
-0.002686
0.021637
0.004974
-0.007935
0.005867
0.016296
-0.008011
-0.003784
-0.009636
-0.010315
0.018188
-0.003458
-0.013275
0.022095
-0.014511
0.001064
0.001337
-0.000053
0.006786
-0.002478
-0.007141
0.014427
0.001872
0.000199
0.003159
0.006039
0.004227
0.013191
0.014145
0.009041
0.005432
0.002405
-0.003199
0.005814
0.003859
-0.008514
0.005901
0.011230
0.004566
0.010361
0.005356
0.000686
0.000521
0.002611
0.008980
0.009270
-0.013214
-0.015350
-0.010658
-0.021042
-0.009125
-0.015503
-0.007088
0.013779
0.009857
-0.008156
0.009705
-0.008858
0.012184
0.001328
-0.016083
-0.003185
0.008224
0.002302
-0.004555
0.007069
-0.000340
0.001029
0.005180
-0.023514
0.001328
-0.002932
-0.000168
-0.019928
0.006927
-0.002426
-0.014091
-0.012833
-0.001456
-0.003258
0.005589
-0.005760
0.005196
-0.001491
0.012108
-0.004719
0.011650
0.001023
0.015396
0.013565
-0.009895
-0.009506
0.006535
0.011497
0.006153
-0.015854
-0.014114
-0.000977
-0.000160
-0.013817
-0.006149
0.014076
-0.003559
0.014168
0.007622
-0.009331
-0.013145
-0.001906
0.015900
0.016891
-0.002542
0.008484
-0.036743
0.010651
0.009209
-0.005936
0.007114
0.005672
0.002275
-0.016785
0.001961
0.008530
0.019608
0.006847
0.013206
-0.009377
-0.004883
0.006042
0.018921
-0.017532
0.006592
0.001084
-0.002058
0.010925
0.004124
0.002296
0.001001
-0.008636
-0.006386
0.002649
-0.007778
-0.006592
-0.015381
-0.003078
0.007301
-0.000699
-0.022400
-0.021500
-0.000104
0.009041
0.025375
0.003639
-0.013420
0.004601
0.004303
0.008049
-0.002298
-0.004425
-0.006435
0.015747
0.000211
0.015594
-0.014870
-0.003218
0.015450
0.000500
-0.000989
0.006138
0.002365
-0.005352
0.019394
-0.012917
-0.001249
0.009804
0.004536
0.006889
0.009689
-0.007118
0.008583
0.017319
0.001873
0.006580
-0.012039
-0.000875
0.008041
0.011421
-0.000880
0.000156
-0.004761
0.005703
0.018097
0.003801
0.002043
-0.014420
-0.023895
-0.007217
-0.006126
0.008995
-0.002277
-0.002831
-0.001415
0.007599
-0.005142
0.009239
-0.025909
0.006618
0.016418
0.009735
0.006458
-0.012695
0.019226
0.003019
-0.015732
-0.009926
-0.009827
-0.028458
-0.007236
-0.011055
-0.018753
0.016586
0.011459
0.002602
-0.005497
0.011787
0.001524
-0.010551
-0.012169
0.004875
0.018723
-0.014496
0.005054
-0.007450
0.016190
-0.001749
-0.010345
0.001229
-0.001808
-0.016220
0.011314
-0.006916
-0.011055
-0.010918
0.000705
0.004040
-0.002840
-0.000423
0.001688
0.000093
0.004513
-0.020081
-0.011383
0.002094
0.006699
0.003109
-0.018341
0.005478
-0.001739
0.009361
-0.013855
-0.006138
-0.009674
0.005768
0.015503
0.003983
0.001529
0.005318
-0.003511
-0.004505
0.001199
-0.007420
0.011887
-0.007507
0.005146
-0.021210
-0.010437
0.003576
0.000387
-0.024384
-0.010361
0.010635
-0.004990
-0.007336
0.006870
-0.014259
0.006180
0.002193
-0.011108
-0.003763
-0.001712
0.006340
0.006813
-0.001796
0.016922
-0.012962
-0.002071
-0.019852
0.012993
0.000741
-0.020737
0.003466
-0.011581
0.007023
-0.013702
-0.015434
0.018387
-0.010490
-0.015518
-0.007912
0.012764
-0.006413
0.008667
0.013939
-0.000561
-0.001397
-0.001258
-0.011612
0.012032
-0.004120
-0.004574
0.007088
0.001245
-0.016022
0.005142
-0.014969
0.001726
-0.005337
-0.007126
0.005714
0.004498
-0.006565
-0.004147
0.007065
-0.003237
0.006527
-0.002760
-0.012779
-0.008514
-0.003458
-0.010666
-0.009621
-0.003925
-0.003704
0.007797
0.000006
-0.013077
-0.014038
-0.012726
0.015717
0.015396
0.009682
-0.000718
-0.003590
-0.002998
0.005634
0.003075
-0.007736
-0.014244
0.000437
-0.005962
-0.013176
-0.009804
0.005039
-0.010025
0.015297
0.000556
-0.000096
-0.007927
0.000688
-0.015305
-0.012306
0.001703
-0.006920
0.012611
-0.003077
0.000076
-0.000790
-0.008736
0.008339
-0.007511
0.006027
0.016144
-0.020416
0.005737
0.000555
-0.010963
0.003101
0.015747
-0.013626
0.012741
0.001514
-0.003384
0.009995
-0.006805
-0.009460
-0.011063
0.002758
0.000019
-0.006069
0.011932
-0.006973
-0.004757
-0.002058
0.014717
0.003269
-0.015961
-0.010178
0.004726
0.011360
0.005669
0.005203
0.003735
0.025894
0.011986
-0.008385
0.000638
-0.011375
-0.011986
0.006901
-0.004227
0.009468
-0.000273
-0.001989
-0.002310
0.001479
0.000468
0.005184
-0.000334
-0.002581
-0.003040
-0.009163
0.006584
0.012062
-0.000710
0.007935
0.004406
0.024826
-0.008522
-0.006142
0.002237
0.003193
-0.005547
0.010536
0.006268
-0.000071
-0.010902
0.004463
0.006363
0.017258
-0.010933
0.004993
-0.023956
-0.002310
0.008743
0.004177
0.003544
0.017624
-0.008018
0.000183
-0.009239
-0.004097
-0.001561
-0.000364
-0.002113
-0.014046
0.001592
-0.003422
0.016495
-0.007618
-0.006981
-0.008453
0.016357
0.013908
0.009033
0.012505
-0.008987
0.007385
-0.003466
-0.003721
-0.020615
-0.009003
-0.001120
-0.003864
-0.014656
0.004715
0.004845
-0.005577
0.003078
-0.008514
-0.000997
0.007835
-0.026077
0.006321
0.003944
0.021133
-0.012917
-0.021347
0.002024
-0.000148
0.010994
-0.005478
-0.003220
0.001942
0.000287
0.009926
0.010628
-0.003714
0.004280
0.010521
0.006371
0.023087
0.004272
0.006168
0.029709
0.005211
-0.000240
-0.007057
-0.011505
0.010384
-0.006214
-0.005409
-0.003477
-0.004742
-0.009117
-0.009941
0.002161
0.002705
-0.021423
-0.002768
-0.013855
-0.015556
0.009872
0.002703
-0.006233
-0.012642
0.006874
0.001641
-0.009163
-0.013664
-0.001859
0.011841
-0.005901
-0.005409
-0.004257
0.011024
0.000151
0.003723
-0.010994
-0.017319
-0.021286
-0.014381
0.000002
-0.006111
-0.008820
0.011848
0.000939
0.000915
0.001963
-0.013306
0.001877
0.003059
0.005718
0.001744
0.011856
-0.000631
-0.002094
-0.014481
-0.004364
0.001601
0.012459
-0.003626
0.008553
0.016907
0.004501
-0.000905
-0.008736
0.017578
-0.016495
0.007034
-0.004162
-0.014450
-0.009399
-0.004436
0.006805
-0.006508
0.018036
0.010933
0.001743
0.013374
0.006470
-0.002275
0.008743
0.009491
-0.000523
-0.001060
-0.002630
-0.009010
-0.009644
0.000519
-0.003553
-0.008682
0.005920
-0.010651
0.000593
0.005611
0.004322
0.021347
-0.007774
0.003426
0.004360
0.008064
0.003340
0.000031
0.012047
0.002626
0.009315
-0.015503
0.006332
0.001840
-0.005257
0.009880
0.019806
0.001433
-0.002451
-0.002247
-0.004513
0.004414
-0.008759
-0.013718
-0.008263
0.015656
0.004791
0.006344
0.001970
-0.005440
-0.025253
-0.007011
0.021759
-0.003929
0.007942
-0.011093
-0.004055
0.009674
-0.007622
-0.002739
0.011383
-0.021942
0.015610
0.012253
-0.014824
-0.006584
-0.003756
-0.014290
-0.019806
-0.014656
-0.009659
0.004234
0.008362
0.000527
0.014214
-0.003960
-0.018311
-0.016495
0.008797
0.013374
0.007748
0.003359
0.019882
-0.000627
-0.003098
-0.003708
0.009613
0.010956
-0.004124
-0.007820
0.010063
-0.001491
0.004421
0.005592
-0.002270
0.006847
-0.006508
0.010101
-0.004452
0.010918
0.004807
0.009117
0.006447
0.012085
-0.010056
-0.009224
0.003248
-0.008911
0.010391
0.013359
-0.004063
0.025482
0.022598
0.012665
-0.004391
0.003632
0.013657
0.015236
0.012444
-0.005993
0.005943
0.020462
-0.001492
-0.008888
-0.004589
-0.016022
0.016266
-0.022400
0.005596
-0.004028
-0.008202
-0.014862
0.003202
-0.001861
0.007679
-0.005173
0.004623
0.003700
0.000163
0.007591
0.000257
-0.024323
0.008759
0.009308
0.004017
0.003553
-0.004089
-0.005157
0.013184
0.012642
-0.001174
0.001484
0.002510
-0.020859
-0.010681
-0.002741
0.002794
0.002642
0.005871
0.011314
-0.004337
-0.003685
0.010376
0.018951
-0.013275
-0.001999
-0.000412
0.004063
0.012802
-0.004280
-0.010681
0.004917
-0.000004
-0.000473
-0.019760
0.008698
-0.024307
0.019699
0.001466
0.013786
0.019150
0.016190
-0.002438
-0.002140
0.011978
0.012192
-0.015228
-0.017548
0.001251
0.008850
-0.001165
-0.020599
0.019379
-0.008530
0.002043
-0.011307
0.014603
0.010841
-0.002117
0.009674
-0.002853
-0.001468
0.000445
-0.001554
-0.010529
-0.002254
0.012169
-0.000343
0.014557
-0.000289
0.002499
0.009605
-0.010559
0.000513
-0.014816
0.019852
-0.001141
-0.002714
-0.014114
0.000818
0.001722
-0.006012
0.018539
0.016785
-0.021103
-0.012329
-0.001061
-0.006912
0.013176
0.000525
-0.002020
0.009003
-0.005470
-0.005531
-0.005375
-0.001972
0.003143
-0.001418
-0.010788
-0.004116
-0.005901
-0.001469
0.004154
-0.001709
0.008118
-0.012177
0.007282
0.020218
0.011612
0.007381
0.020523
-0.006729
0.013054
0.030029
0.002794
-0.009964
-0.007431
-0.010620
0.004772
0.007393
-0.010712
-0.008949
-0.006821
0.012985
0.005993
0.003233
-0.011475
0.003902
-0.004025
-0.001477
0.009438
-0.019196
0.007671
-0.003439
0.002888
-0.010559
0.000086
0.005367
-0.003674
0.003061
-0.007896
0.001591
0.011757
0.000188
-0.011612
0.004311
0.002720
0.001590
-0.007942
0.001417
0.003084
-0.005432
0.014107
-0.006618
0.004539
-0.002728
-0.003164
-0.008377
-0.016937
0.014244
0.012978
0.001801
0.005283
0.008827
-0.009926
-0.008148
0.000502
-0.002821
0.004288
-0.000587
0.013924
-0.014870
-0.001192
0.007103
-0.006157
-0.005997
-0.002199
-0.001984
0.015511
-0.004025
-0.018066
-0.012764
-0.000706
-0.021011
0.009567
-0.010582
-0.010635
0.010612
-0.025238
0.002235
-0.016266
0.000058
0.015457
-0.020615
0.002539
0.014832
-0.002073
-0.016800
-0.002220
-0.003138
0.018921
0.002884
-0.011238
0.003284
-0.001877
-0.020889
-0.009407
-0.038574
-0.014351
0.002344
-0.008156
-0.005661
-0.006035
-0.012497
-0.015533
0.004395
0.005207
0.016693
0.006271
0.008080
0.012909
0.010033
0.019119
-0.008453
-0.010918
-0.012482
0.000419
0.016495
0.007996
-0.016129
0.005238
0.006187
-0.012138
0.012146
-0.005833
0.008247
0.004997
-0.006977
-0.006504
0.002283
0.005939
-0.013611
0.006924
0.016449
-0.007256
0.010910
0.004986
-0.006271
-0.008987
0.007145
-0.001465
-0.017303
-0.002274
-0.004425
0.016876
0.002974
-0.002565
0.004189
0.004105
0.011292
-0.004417
0.004951
0.020462
0.001577
-0.009941
0.004547
0.000164
0.013268
0.009476
0.005878
-0.004185
0.010338
0.016235
-0.008423
0.000563
0.011330
-0.010590
0.016541
0.003422
0.008987
-0.006172
0.004723
0.003817
0.005352
0.011536
-0.009232
0.004593
0.003897
-0.014198
-0.002199
0.009239
-0.001484
-0.005856
0.009247
-0.003778
-0.004276
-0.007084
0.001332
0.009003
-0.012390
0.012238
0.007896
-0.016464
-0.008240
-0.024399
-0.003618
-0.002398
-0.004330
0.010353
-0.010323
0.024826
-0.010910
-0.003428
-0.021027
0.013748
0.000945
-0.001536
-0.003740
-0.011391
-0.000751
-0.013374
-0.009071
-0.007233
0.011719
-0.012451
-0.005474
-0.016403
-0.011139
-0.013214
0.011116
0.003748
-0.006466
0.002855
-0.015717
-0.009232
-0.014030
0.011719
-0.017532
-0.001972
-0.017105
0.003498
-0.025360
0.016739
-0.006031
0.001974
-0.010117
0.010574
0.001342
-0.009460
0.006748
0.000724
0.004032
-0.006306
0.001428
0.001638
-0.011292
0.005020
-0.006382
-0.010872
-0.008736
0.003067
0.012909
-0.009613
0.006699
0.000517
0.011681
-0.000148
0.021484
0.002018
0.010460
0.005264
0.017700
0.008232
-0.012032
0.020111
0.000057
0.017868
0.005096
0.007057
0.012032
-0.001139
0.015793
0.002867
0.005325
-0.018005
-0.006554
-0.003082
0.008774
-0.000415
0.000386
-0.013496
-0.006783
0.008629
0.001982
0.008614
-0.006985
-0.025925
-0.009209
0.002178
0.026566
-0.001052
0.015419
-0.016968
-0.000862
0.011093
-0.002647
-0.014755
-0.005100
0.013290
0.000980
-0.010666
-0.001624
-0.007095
-0.000899
0.009926
-0.004913
-0.002636
-0.016205
0.012558
0.005600
0.006367
0.005409
-0.001740
-0.015121
-0.013229
0.000833
-0.005848
-0.008102
0.010933
-0.006622
0.005241
-0.013985
0.017456
-0.015060
-0.014580
-0.002655
0.011230
-0.003750
-0.025040
0.003202
0.010117
0.006008
0.003859
-0.005760
-0.015869
-0.003304
-0.007454
-0.011978
-0.000843
0.007256
-0.005108
0.006519
0.024872
-0.021683
0.028748
-0.004131
-0.001701
-0.002230
-0.007664
-0.001907
-0.004368
-0.005840
0.002361
0.007202
-0.001337
0.009941
-0.000339
0.001615
0.001713
-0.004524
-0.009140
0.005314
0.007477
0.005085
0.000569
-0.003941
-0.007454
-0.006462
-0.005100
0.015854
-0.009140
-0.016418
0.009010
0.016586
-0.001616
0.007164
0.009674
-0.006096
-0.002512
-0.010826
0.000441
0.003700
0.006866
-0.004536
-0.001349
-0.009285
-0.002932
-0.002890
0.001515
-0.001385
-0.001072
0.017059
-0.010490
0.002928
0.011086
0.002768
-0.003141
-0.009781
-0.013893
-0.005260
-0.000894
-0.008728
0.004387
0.003141
0.006218
0.003170
0.005501
0.009529
0.003040
-0.024277
0.007446
-0.001116
0.002403
0.012138
0.003527
0.008598
-0.003199
-0.003605
-0.013535
-0.001380
-0.010345
-0.005959
-0.006271
0.006706
0.005802
0.002247
-0.010910
0.006763
-0.000242
0.007050
0.006851
0.008820
-0.001080
0.003822
-0.010887
0.002892
-0.010437
-0.004139
-0.006210
-0.000271
0.000584
0.003582
-0.007614
0.014946
-0.004402
-0.004208
0.013908
-0.001359
-0.001061
-0.002110
0.007336
0.019379
-0.016144
0.011383
0.011742
-0.007366
-0.006016
0.001237
-0.013412
-0.001647
0.006191
0.004910
-0.004284
-0.014610
-0.012543
-0.017883
0.009659
-0.018188
-0.020630
-0.005356
-0.005444
-0.005939
-0.021576
-0.000024
0.037079
0.004333
-0.006767
0.008240
0.006638
0.008331
-0.014572
0.007099
0.005703
0.010406
0.003792
0.003428
-0.000831
0.006119
-0.016052
0.004337
0.003603
-0.004379
0.011597
-0.013817
-0.008972
-0.004166
0.004307
0.000854
0.006447
0.009186
0.005444
0.022537
-0.010338
0.011963
0.024643
-0.001234
0.000540
0.007328
-0.006275
-0.016525
0.003813
-0.007195
-0.012642
-0.004513
-0.003815
0.013298
-0.000994
0.011818
0.000244
0.001377
-0.003460
0.007778
0.011002
0.010071
-0.001925
0.005444
0.004395
0.018845
-0.001217
-0.004322
0.007236
0.000177
-0.000003
0.002615
0.005344
-0.001081
0.000350
0.008026
0.002064
0.000437
-0.000459
0.005672
-0.002913
0.014046
0.001881
0.005589
0.006836
0.001568
-0.009682
-0.002285
0.011780
0.004326
-0.001448
-0.011627
-0.005390
0.000460
0.018753
0.003441
0.013107
0.001399
-0.011703
-0.009750
0.007603
0.003771
0.003174
-0.002430
-0.009369
-0.003689
0.009941
0.019958
0.002542
-0.006512
0.001506
0.002874
-0.008148
0.002623
-0.002272
0.010429
-0.002945
0.008400
0.004028
-0.013947
0.002428
-0.014481
-0.010551
0.007572
0.008636
-0.000781
-0.005032
0.023987
0.001660
-0.008163
0.000518
-0.002365
0.005802
0.002241
0.006138
-0.004124
0.003454
-0.024811
-0.008430
-0.003637
-0.007011
0.004749
-0.012962
-0.001279
0.022583
0.012314
0.005680
-0.001663
0.001228
-0.001375
-0.003628
0.004814
-0.001863
-0.010719
-0.011330
0.005230
0.001991
0.010979
0.001093
-0.000697
-0.012726
-0.008484
-0.016235
-0.007145
0.000787
-0.003838
-0.005253
-0.009323
-0.023254
-0.002415
-0.016190
0.004440
-0.000745
-0.004189
-0.001253
0.007179
0.012733
-0.013054
0.004471
-0.004662
0.000462
0.006725
0.000128
-0.001842
0.004421
-0.010727
0.007610
0.006195
-0.009346
0.002583
-0.005856
0.000483
0.018417
-0.008003
-0.010109
-0.001257
0.006756
0.007896
-0.004841
0.000750
0.013664
-0.001896
-0.009377
0.001110
0.003513
-0.011971
0.003277
0.004665
-0.003054
0.002104
-0.009583
-0.003437
0.004536
0.018967
0.016357
-0.002653
-0.003183
-0.002735
-0.001019
0.010925
-0.004478
-0.006763
-0.007023
-0.020950
-0.008217
-0.009293
-0.002209
-0.013184
-0.000205
0.016312
-0.000274
0.003143
-0.011597
0.007458
0.001795
-0.008430
0.004021
0.009727
-0.010628
0.000127
-0.004345
-0.007698
0.007740
-0.009171
-0.009209
-0.012596
-0.015114
0.021301
0.001131
-0.018143
0.002853
0.000339
-0.013161
0.018341
-0.014565
0.002934
-0.006092
0.010590
-0.016006
0.019669
-0.001107
0.002577
-0.002371
0.016006
0.006458
0.003580
-0.006824
-0.001332
-0.025330
0.003614
-0.008583
-0.001111
-0.002836
-0.025192
-0.002085
0.002970
-0.002783
0.010139
-0.011497
0.008324
0.029175
-0.007446
-0.000403
-0.002092
-0.006248
0.007912
0.007874
0.002653
0.000008
0.020401
-0.001508
0.002129
0.002918
-0.001300
-0.017044
-0.001195
-0.004894
-0.007366
-0.002869
-0.008995
0.001884
-0.021210
0.003614
0.017685
0.009117
-0.003826
0.003983
-0.011917
0.011818
-0.001510
-0.000796
0.016098
0.008766
-0.005508
-0.007526
-0.023239
0.004444
-0.025040
0.004414
0.001016
-0.004013
0.001163
0.001012
-0.002438
0.009750
-0.004814
-0.017532
0.011093
0.013252
0.010933
-0.020142
-0.001108
0.006561
0.007019
-0.006042
0.007019
-0.006229
-0.016953
0.012253
0.000770
-0.000648
0.006630
-0.000721
0.000037
-0.002991
0.016220
-0.013611
0.009903
0.001230
-0.000069
-0.008690
-0.009926
-0.018860
0.000712
-0.013916
0.002960
-0.010254
0.008545
0.002417
-0.013321
0.007351
-0.000477
0.007511
-0.006138
0.017273
0.005344
0.010643
0.006367
0.008110
0.002638
0.011520
0.004669
0.002592
0.012062
-0.001593
-0.012192
0.015152
0.016342
-0.027603
-0.012131
0.015030
-0.026871
-0.004082
0.003162
0.016571
-0.007378
-0.014610
0.023895
-0.003742
0.003883
0.002979
-0.017212
-0.013786
0.002872
-0.010193
0.005295
-0.002581
0.008713
-0.006413
-0.010345
-0.026825
-0.014290
-0.004204
-0.027893
0.005512
-0.003265
-0.002710
0.020035
-0.006844
0.000616
-0.012268
-0.005283
0.002613
-0.006420
0.016495
0.011620
0.007935
-0.003695
-0.000382
0.010925
-0.004345
0.024506
0.005093
0.002182
-0.004211
0.013626
0.005714
0.005657
0.003086
-0.018234
0.005280
0.012497
0.005962
0.018555
-0.000224
-0.011253
0.001321
0.011162
-0.001590
0.002216
0.012688
0.006229
0.002111
0.001440
-0.016266
0.023315
-0.000390
0.007679
-0.009697
-0.006031
-0.001247
-0.004871
-0.017792
0.004913
0.014267
-0.006916
-0.010223
-0.026932
-0.008087
0.008530
-0.001728
-0.015915
-0.008881
-0.000553
0.011047
0.001356
0.018661
-0.023163
0.010452
-0.016678
-0.018234
0.001089
-0.004513
0.002920
0.004646
0.021164
-0.001873
-0.006256
0.009003
0.013504
0.015480
-0.018921
0.001570
-0.002174
-0.001829
0.001247
-0.001872
0.007858
-0.003525
0.004337
-0.018860
-0.002329
-0.005215
0.011040
-0.024216
-0.013412
0.011772
0.001938
0.008514
-0.009979
-0.002289
0.000031
-0.020126
0.011734
0.014244
0.008369
-0.003975
-0.003231
0.016937
0.010902
0.011444
0.017761
0.008720
0.005161
-0.022217
-0.011108
0.004963
-0.008614
-0.001219
0.005913
0.010658
0.001813
-0.002504
-0.011055
-0.004520
-0.001792
-0.017227
0.004055
0.019653
-0.003080
-0.000311
0.001503
0.018585
-0.004822
-0.005066
-0.002262
-0.003635
0.010292
0.005486
-0.002184
0.005611
-0.006496
0.010933
0.001095
-0.005573
-0.002501
0.013405
0.011894
0.007416
0.005028
-0.009102
0.004215
0.006760
-0.002462
0.001033
-0.010010
0.000539
-0.008827
0.008820
0.018250
-0.013420
0.001616
-0.000873
-0.003475
0.004593
-0.005383
0.002037
0.009621
-0.000123
-0.008621
-0.028061
-0.004395
0.001100
-0.005611
0.018463
0.005913
0.008911
0.003139
0.016235
-0.010406
0.006226
-0.013390
0.006565
-0.002825
0.014717
-0.001661
-0.007820
-0.004467
-0.000020
-0.006733
-0.011208
0.012573
-0.007687
0.006386
-0.008118
-0.009827
0.006794
0.016357
-0.006275
-0.008759
0.004501
0.004498
0.008011
0.005966
-0.019974
0.004700
0.024124
0.012245
0.009354
-0.012550
-0.016922
0.011421
-0.018326
0.010231
0.000835
0.000721
-0.011246
0.008018
-0.012337
0.006042
-0.003084
0.000140
-0.012711
0.005909
-0.008614
0.004219
-0.008690
0.006447
-0.012711
0.002806
-0.008858
-0.008270
0.001919
-0.003782
-0.003792
0.006939
-0.006145
0.008636
-0.002335
-0.001691
0.010475
0.003328
-0.013809
0.001616
0.016815
-0.003910
0.011703
0.015617
-0.008568
0.001918
0.010811
0.009163
-0.002096
-0.005444
0.005062
-0.017029
0.004906
-0.019135
-0.002369
0.000113
0.009499
0.006432
-0.010193
0.009163
0.002747
0.017319
0.003307
0.008804
-0.000451
-0.016876
-0.003298
0.002325
0.019897
0.006039
-0.000152
-0.000048
-0.007423
-0.019913
0.016388
0.010582
-0.011795
0.012909
-0.017853
0.000281
0.001351
0.015175
-0.004742
-0.011047
0.010597
0.021133
-0.006355
-0.009125
0.015114
-0.000389
0.010925
-0.009354
0.012093
-0.008965
-0.009300
0.012604
-0.000285
0.003901
-0.003618
0.002165
-0.007812
-0.016068
-0.008095
-0.004791
-0.011208
-0.003075
0.001745
-0.001321
0.007271
0.015091
0.011917
-0.003437
-0.005581
-0.013306
-0.010925
-0.008255
-0.014771
0.006870
0.005905
0.005577
0.001783
0.011559
-0.003937
-0.005424
0.003469
-0.000676
-0.001834
0.015778
-0.005535
-0.007599
-0.016418
-0.017227
0.006157
0.011139
0.003057
0.007835
-0.000600
0.016510
-0.000062
0.007950
-0.005733
-0.014160
0.001916
-0.010063
0.002230
-0.024902
-0.000766
0.006924
-0.006569
0.013824
-0.004585
0.000444
0.005024
-0.000508
0.020432
-0.001244
0.021317
-0.002964
0.009453
0.007523
-0.002665
0.008789
-0.005173
0.003502
0.001040
0.017593
-0.025375
-0.012085
-0.014221
-0.024185
-0.016083
0.000041
0.015045
-0.015717
0.015221
0.005772
0.013565
0.005032
-0.001999
-0.001150
0.012520
0.005199
0.006622
-0.000230
-0.006580
-0.007641
0.001850
-0.014572
0.005424
0.013962
-0.003025
-0.006565
0.018921
-0.004860
-0.001970
0.012650
0.000109
0.009712
-0.006161
0.018005
0.002302
0.008499
0.014259
-0.005859
-0.003895
0.008217
-0.004463
0.002642
0.001434
0.009048
-0.008331
0.004120
-0.001357
-0.017853
0.006416
-0.000636
-0.003302
-0.005169
0.005669
0.000654
0.015289
0.003695
0.000041
0.008057
0.002352
0.014328
-0.011978
0.012032
0.005199
-0.002119
-0.009659
-0.014053
0.001697
-0.011070
-0.021896
-0.004185
0.003164
-0.007694
-0.012138
0.011024
0.005096
-0.002098
-0.004639
0.000906
-0.007988
0.026779
-0.001438
-0.001297
-0.002333
-0.015617
-0.009247
-0.005287
-0.008522
-0.005802
0.000597
0.026093
0.006744
-0.013145
-0.008324
0.017563
0.013931
0.008789
0.001351
-0.002733
0.003967
-0.000871
-0.010162
0.014687
-0.003593
0.022446
0.020035
0.030991
-0.002241
-0.000414
-0.001002
0.005806
0.005440
-0.003611
0.002821
-0.011429
-0.011772
0.005848
0.006851
0.011314
0.014992
-0.001725
0.000297
-0.005329
0.006130
0.009361
0.007950
-0.007671
-0.017059
0.014877
-0.019272
-0.003016
-0.010620
-0.011093
0.004742
0.013794
-0.001029
0.010086
-0.004681
-0.008369
-0.003004
-0.010231
0.001965
-0.007038
0.021317
-0.014397
0.007294
0.018600
0.011909
-0.010918
0.003212
-0.004959
0.008438
-0.009727
0.002838
-0.009850
-0.014816
0.004620
-0.000547
0.003859
-0.010529
0.014633
-0.007080
0.005978
0.004307
-0.011154
-0.015404
-0.001575
0.014908
-0.009796
-0.006783
0.006588
0.008987
-0.010780
-0.014198
-0.013458
-0.016907
-0.017288
0.005508
0.011162
-0.017136
0.002527
-0.018066
0.020081
-0.008659
0.011009
0.005505
0.012939
-0.002802
-0.000510
0.019989
0.009628
-0.003151
0.002062
-0.002932
-0.001937
0.007313
-0.023254
0.004616
-0.013435
-0.000079
-0.003244
0.020477
0.003712
0.012978
-0.008682
0.014259
-0.003849
0.008400
0.010971
0.019577
0.012688
0.000186
0.004471
-0.011078
-0.009590
-0.014915
0.008987
0.000979
-0.000018
-0.000196
0.007030
-0.012665
-0.013725
0.012970
-0.002481
-0.020157
-0.005432
-0.006195
0.003067
-0.008415
-0.000680
0.009933
-0.003881
-0.003424
0.003460
0.002993
0.013947
0.017395
-0.006207
0.014275
-0.004711
0.005054
-0.010925
-0.000282
-0.015083
0.003445
0.006081
-0.001273
-0.000130
0.009102
-0.001269
0.003372
-0.007118
0.005527
0.013763
0.006744
0.010315
0.000166
0.001261
-0.003096
0.011391
0.000326
0.004063
-0.003595
0.001902
0.012817
-0.004177
-0.011871
-0.007629
0.008507
-0.005791
0.002014
-0.000526
0.009369
0.016800
0.000418
-0.006866
0.005913
-0.015060
-0.003288
0.003794
0.012688
0.006657
0.009300
-0.002989
-0.016663
-0.017151
0.003693
-0.000561
0.004860
-0.005043
0.013062
-0.003016
0.009659
0.007053
-0.011543
-0.007927
-0.006203
-0.002867
0.003168
-0.008942
0.008011
-0.002890
0.019592
0.022079
-0.009377
-0.012169
-0.006748
-0.011948
0.022247
-0.000983
0.001768
0.012199
-0.000608
-0.002871
0.001845
-0.019165
-0.014198
-0.003235
0.008705
0.008385
0.002945
0.005253
-0.005024
0.006527
-0.007790
-0.000023
0.002645
-0.015915
-0.009834
-0.003391
0.014198
-0.011353
0.001165
-0.008560
-0.012375
-0.006355
0.010292
0.006725
-0.007866
0.016296
0.008911
-0.008781
-0.013397
0.004887
-0.000779
0.003292
0.003469
-0.007725
0.002260
0.010223
0.003269
0.003410
-0.015495
-0.015915
-0.016296
0.004448
-0.004494
0.012398
0.011368
0.010956
-0.003084
0.003422
0.008942
-0.003429
-0.004223
-0.005409
-0.003757
0.005882
-0.000942
0.002443
-0.005978
-0.014801
0.014999
0.014160
-0.006794
-0.007835
0.005547
-0.000232
0.003061
0.003263
-0.019684
0.004284
0.001348
-0.000614
0.008751
-0.024536
0.011124
0.010445
0.009026
0.001382
-0.000684
-0.007549
-0.018982
0.006477
0.003914
-0.007557
0.008965
0.010445
-0.000924
-0.004890
0.001459
-0.012299
-0.003767
0.013428
0.002661
-0.012428
-0.020020
-0.014816
-0.011414
-0.012962
0.001686
0.010506
0.007030
0.006248
-0.002666
0.000608
-0.004345
-0.007183
0.010658
0.007759
0.009674
0.007713
0.005657
-0.002325
-0.002113
-0.028992
-0.002783
-0.000988
-0.021942
0.009979
0.005146
0.019699
0.000706
0.001474
0.000484
-0.009766
0.000781
-0.004471
-0.005840
0.000851
0.009628
0.006802
-0.004402
0.010696
0.006168
-0.002754
-0.001577
0.000288
0.002850
0.015167
0.010742
0.007374
0.001609
-0.013634
0.003063
-0.004490
-0.000391
0.010094
0.003223
0.006676
0.007099
-0.006649
-0.016861
0.003851
-0.000439
0.008270
-0.006573
-0.009895
-0.000266
0.004307
0.002310
0.004951
0.009285
-0.007103
-0.004280
-0.004013
-0.010796
-0.003670
-0.006508
0.012657
0.014343
-0.009346
-0.011185
0.000374
-0.008026
0.021469
-0.015808
0.004059
-0.008598
-0.005863
0.001087
-0.010803
-0.008614
-0.019485
0.016037
0.003082
0.007607
-0.010101
0.004852
-0.008156
-0.009598
0.006039
-0.008301
-0.003895
0.003408
-0.006084
0.009590
-0.024292
0.001863
-0.005428
-0.013321
0.001050
0.000259
-0.001575
0.009506
0.018814
0.000627
0.003016
0.001486
-0.016144
-0.001604
0.008492
-0.004749
0.009872
0.017471
0.005863
-0.015503
-0.018204
0.007988
0.019180
0.011009
-0.004444
0.023621
0.010269
-0.020706
0.004536
0.004562
0.002802
-0.010872
-0.002939
0.004162
-0.008797
-0.001966
-0.013115
-0.008675
-0.008202
0.000831
0.012024
0.011139
-0.009315
0.001545
-0.003241
-0.008461
-0.013725
-0.003695
-0.000306
-0.000491
-0.003534
0.000087
0.004528
-0.006386
-0.014542
0.011002
-0.002752
0.014496
-0.003006
0.013695
-0.006863
0.007618
0.012405
0.005898
0.012428
0.008331
-0.002617
0.008217
-0.011833
0.002821
-0.007004
-0.009918
-0.017059
-0.006416
-0.011612
0.005379
-0.014603
-0.002180
0.006733
0.012001
-0.000887
0.002262
0.003780
0.003208
-0.007542
0.000372
-0.015030
-0.016266
-0.029648
-0.014679
-0.010422
0.003599
0.009422
0.006649
-0.003370
-0.011414
0.003096
-0.012169
0.003773
-0.012398
0.008224
-0.009605
-0.000017
0.002596
-0.002453
0.008537
0.003990
-0.006344
-0.009033
0.015343
0.003067
-0.003767
-0.006641
-0.011559
-0.003901
-0.013115
