shape: [b:2, f:1, x:1, y:128, z:1, w:1, u:1, v:1, g:1] (count: 256, addr: 0xffffaaad573bde00, original format: bfyx)
-0.055328
-0.019073
0.088745
0.037018
0.003399
-0.106689
0.026245
0.052704
-0.006042
0.062683
0.088379
-0.022476
0.020401
-0.015671
0.044769
0.067627
-0.022659
-0.071960
-0.261230
0.018127
-0.024170
0.095947
-0.062866
0.028519
-0.050812
0.128296
0.062317
-0.002077
0.004154
0.091980
-0.029648
0.013031
-0.106140
0.028900
-0.050049
-0.103333
0.003021
0.368896
0.045502
0.007553
-0.054199
0.043060
-0.037964
-0.004723
-0.032471
0.034760
-0.035309
-0.066833
0.052490
0.101074
0.109558
-0.079529
-0.066101
-0.107483
0.006042
-0.091614
-0.043060
0.089539
0.119202
-0.084595
0.130371
0.045715
0.000189
0.060822
-0.037384
-0.076111
0.204346
0.150879
-0.122192
0.080444
0.150513
0.033813
0.104248
-0.056854
0.057037
-0.010201
0.099731
-0.136597
-0.010956
-0.054382
-0.105408
-0.032867
0.009445
-0.106873
-0.031555
-0.005478
0.215698
0.099182
0.028336
0.083130
-0.086487
0.015671
-0.073303
0.003777
0.089722
-0.113098
-0.001133
-0.010391
0.003588
0.207886
-0.020782
0.055725
-0.011520
0.022293
0.010956
0.035309
0.033051
-0.082703
0.037018
0.141479
-0.039673
-0.004532
-0.051361
-0.019638
0.131592
0.035492
0.071228
-0.123535
0.085571
-0.140381
-0.086853
-0.041351
-0.048737
0.229126
0.025314
-0.021149
-0.044189
-0.199097
-0.008377
-0.040741
-0.022552
0.036560
-0.296631
0.124207
0.050110
-0.059113
-0.018356
-0.032532
-0.024811
0.084900
-0.053009
-0.037537
0.004349
0.135254
0.181030
-0.053162
0.019012
0.057678
0.245483
-0.089539
0.080383
0.052521
0.073303
0.036072
-0.025940
0.045441
-0.028839
0.009506
-0.075195
-0.016113
-0.020294
-0.051697
0.010307
-0.126465
-0.049133
-0.102783
0.072815
-0.013367
0.007732
-0.008698
0.089905
-0.001933
0.021591
-0.019806
-0.081665
0.025620
-0.080872
-0.028992
-0.045410
0.130127
0.103760
0.030121
0.104858
-0.094238
-0.073608
0.012886
-0.037384
-0.008217
0.027222
0.067200
-0.001933
-0.009346
0.067017
0.023193
0.030609
0.034637
-0.040100
0.004349
0.121765
0.120178
0.016434
-0.009178
0.024170
0.007732
-0.037842
-0.070557
-0.072815
0.070251
0.075073
0.016266
-0.055908
0.048340
-0.021744
-0.050110
0.013206
0.047028
0.013367
-0.077820
0.345703
0.017075
-0.006927
-0.035126
0.010796
0.493896
-0.004349
-0.062805
0.081360
-0.076355
0.053314
-0.005478
-0.020935
-0.021103
-0.111145
-0.062347
-0.044464
0.069458
0.014015
0.046234
0.044128
0.045593
0.009346
-0.116455
-0.002254
-0.062683
0.026901
0.000322
0.005959
-0.161865
0.110046
0.160645
-0.082642
-0.017563
-0.043823
-0.031586
-0.082458
0.071228
