shape: [b:1, f:64, x:1, y:2, z:1, w:1, u:1, v:1, g:1] (count: 128, addr: 0xffffaaad574fb200, original format: bfyx)
0.000104
0.000093
0.000118
0.000105
0.000144
0.000167
0.000186
0.000183
0.000163
0.000157
0.000183
0.000165
0.000166
0.000160
0.000188
0.000191
0.000184
0.000167
0.000181
0.000174
0.000207
0.000186
0.000184
0.000177
0.000181
0.000171
0.000193
0.000169
0.000189
0.000153
0.000176
0.000144
0.000179
0.000174
0.000198
0.000162
0.000171
0.000170
0.000188
0.000187
0.000225
0.000174
0.000196
0.000186
0.000207
0.000180
0.000196
0.000201
0.000164
0.000214
0.000177
0.000171
0.000160
0.000162
0.000166
0.000162
0.000178
0.000179
0.000208
0.000140
0.000178
0.000149
0.000214
0.000149
0.000188
0.000161
0.000185
0.000174
0.000223
0.000182
0.000177
0.000159
0.000188
0.000161
0.000166
0.000203
0.000174
0.000174
0.000229
0.000163
0.000174
0.000183
0.000180
0.000155
0.000167
0.000145
0.000185
0.000167
0.000188
0.000172
0.000180
0.000164
0.000200
0.000165
0.000187
0.000169
0.000199
0.000157
0.000184
0.000154
0.000166
0.000167
0.000166
0.000169
0.000166
0.000187
0.000211
0.000192
0.000187
0.000147
0.000183
0.000168
0.000172
0.000168
0.000168
0.000174
0.000172
0.000165
0.000171
0.000161
0.000165
0.000163
0.000159
0.000148
0.000183
0.000164
0.000196
0.000163
