shape: [b:2, f:128, x:1, y:1, z:1, w:1, u:1, v:1, g:1] (count: 256, addr: 0xffffaaad573be000, original format: bfyx)
0.033386
0.126709
0.039307
-0.049713
-0.094055
0.138550
-0.101562
0.034637
-0.039673
-0.005203
-0.045776
0.058502
-0.048645
-0.144165
0.038055
-0.114319
0.099426
-0.051147
-0.002512
-0.090637
0.001436
0.168945
0.006104
-0.006641
0.089050
-0.070374
0.153442
0.114685
-0.017593
-0.153809
0.015259
-0.044342
0.083252
0.234985
-0.068359
-0.093323
-0.040375
0.093689
-0.010231
0.025482
0.011131
-0.054749
0.115417
0.107361
-0.059601
0.064819
-0.039307
-0.064453
-0.101746
-0.059753
0.113098
0.092224
0.017227
0.061737
-0.120789
0.010048
-0.067505
0.040039
-0.129395
0.096008
0.000718
0.119385
-0.014359
-0.005745
-0.063538
0.034271
-0.031235
0.086853
-0.133301
0.047577
0.071777
-0.004665
-0.133545
-0.020645
0.040192
-0.123840
-0.083984
-0.028183
-0.026749
0.121338
0.018311
0.079346
0.095154
-0.011665
0.015434
-0.012024
-0.132324
-0.005924
-0.041107
-0.132446
0.004486
-0.032135
-0.078064
0.031586
-0.129639
0.069092
0.027634
0.000538
-0.144531
0.057983
0.014000
0.047394
0.083618
-0.020645
-0.148804
-0.185913
-0.037689
0.121338
0.030334
0.030518
-0.104980
-0.023514
0.096375
-0.089905
0.017410
-0.039856
-0.165283
0.037689
-0.067322
-0.265137
-0.088501
-0.050598
-0.084900
0.013283
0.050079
-0.136597
-0.250244
0.122742
-0.098450
0.127930
-0.042999
-0.016724
0.025330
0.136719
-0.355225
0.004620
-0.015297
0.005417
-0.147705
-0.087646
0.015778
0.004143
-0.049225
-0.074707
-0.034424
-0.007328
-0.111206
-0.007488
-0.092896
0.020065
-0.142090
-0.024536
-0.117737
0.166626
-0.130493
-0.040314
0.012589
0.001274
-0.009079
-0.184326
0.001753
0.056885
-0.033936
0.061646
0.051788
-0.052094
-0.076782
0.013863
-0.104004
-0.010674
0.037903
-0.014816
-0.067993
-0.181641
-0.025970
-0.083008
0.067688
0.079651
0.047150
0.029160
0.119141
-0.043976
-0.019760
-0.004143
0.040131
0.062286
0.002230
0.152344
-0.151489
-0.043182
-0.029312
0.003185
0.036957
0.125000
-0.188599
0.102295
-0.008446
0.015297
-0.003983
-0.092529
0.050812
-0.007805
-0.086670
0.079041
0.110901
-0.081421
0.106567
0.037292
0.040466
0.012901
-0.032806
0.094177
0.015297
-0.091919
-0.046051
-0.029785
0.032501
0.127441
-0.007168
-0.075500
0.110107
0.022629
-0.009079
0.021820
-0.023895
-0.057343
0.031708
-0.087646
0.011154
-0.118042
-0.000796
0.038879
-0.006371
-0.099426
-0.017365
-0.032806
-0.007008
0.001433
0.080933
-0.009560
-0.166748
-0.032501
-0.284912
0.164307
-0.012268
-0.031555
-0.099243
0.078247
0.183472
-0.045715
0.046051
0.208008
0.089233
-0.088745
-0.097351
-0.039673
