shape: [b:2, f:1, x:1, y:128, z:1, w:1, u:1, v:1, g:1] (count: 256, addr: 0xffffaaad573bde00, original format: bfyx)
-0.004124
0.052338
0.057892
-0.135010
-0.207153
0.025696
0.065491
-0.005550
0.136597
-0.131958
0.023468
-0.021408
-0.000952
-0.019501
-0.032684
0.121948
-0.072937
0.088806
0.149902
0.065491
0.015701
0.027756
0.097229
0.050751
-0.117065
-0.020294
0.028076
0.133911
0.084351
0.127563
-0.085815
-0.100525
-0.154907
0.049805
0.108948
-0.013794
-0.029816
-0.186523
-0.048523
0.040436
0.060730
-0.031708
0.198242
-0.071045
0.077393
0.068665
-0.094543
0.010468
0.007927
-0.025848
-0.001904
0.089783
0.143799
0.055664
0.025375
-0.029968
0.008408
-0.120239
0.095459
0.110718
-0.022354
0.060577
-0.166504
-0.116882
-0.055664
0.036957
-0.112122
-0.082458
-0.008568
-0.048523
-0.036163
-0.068481
0.023941
0.040436
0.006504
-0.057739
-0.063904
0.050751
0.014908
-0.154419
0.044250
0.013954
-0.016342
-0.000476
0.000159
0.132324
0.217773
-0.027588
-0.030762
0.378418
-0.023636
0.068176
-0.023941
-0.080261
-0.019669
0.037109
-0.093750
-0.001268
0.086609
-0.018082
-0.023941
-0.012054
0.010788
-0.005711
0.005394
0.058990
-0.012367
0.040436
-0.092163
-0.139404
0.043152
-0.022842
-0.044403
-0.045990
0.061859
-0.048065
-0.014435
-0.068481
0.084229
-0.226562
0.066284
0.067078
0.035675
0.055817
-0.055664
-0.152100
-0.118774
-0.100220
-0.039368
0.034241
-0.035004
-0.018906
0.147949
-0.012550
-0.057007
0.022156
-0.141357
-0.015030
-0.019989
0.008987
-0.173828
-0.066772
0.072693
0.115417
-0.259033
-0.032074
0.026031
-0.101318
0.127686
-0.139404
-0.025726
0.023560
-0.199585
-0.001550
-0.078735
-0.028198
0.000775
0.012238
-0.066345
0.070190
0.006199
-0.016586
-0.005424
-0.020142
-0.092957
-0.066956
-0.059509
0.111694
0.064148
-0.109863
0.018280
0.051910
-0.027267
0.017502
0.072205
0.014877
0.134521
0.051147
0.000620
0.053619
-0.047272
-0.022156
-0.092651
0.000620
0.004337
-0.039215
0.020294
0.032074
0.006817
-0.022461
0.121338
-0.055634
0.047577
0.047577
-0.090027
-0.059357
0.240479
-0.170288
0.155396
0.020920
-0.048950
-0.004803
0.002169
0.150879
0.030685
-0.004028
-0.062744
0.199463
-0.003408
0.053619
-0.019058
-0.011002
-0.122437
0.152466
0.031143
0.199951
-0.026031
0.019684
-0.232300
-0.219971
0.010689
-0.036255
0.041840
-0.110962
-0.056854
-0.064636
-0.104126
0.187500
0.095886
-0.120239
-0.106934
0.022461
0.029602
-0.010384
-0.078857
-0.040588
0.080566
0.059967
0.031143
-0.153076
0.041534
-0.023560
-0.056854
0.125610
-0.025574
0.007439
0.012398
-0.044159
0.036560
-0.160889
-0.015495
0.002634
-0.107361
-0.007591
0.102112
0.083191
