shape: [b:2, f:128, x:1, y:1, z:1, w:1, u:1, v:1, g:1] (count: 256, addr: 0xffffaaad573be000, original format: bfyx)
-0.105591
0.002399
-0.208740
-0.077637
0.049713
-0.016632
0.082947
-0.025024
0.099060
0.019882
-0.046265
0.064941
-0.067871
-0.038910
-0.097168
0.008911
0.005486
0.103210
-0.048859
-0.069275
-0.018677
-0.024506
0.073547
-0.062744
-0.129395
0.037354
-0.008057
0.020401
-0.015083
0.204956
-0.017487
-0.018341
-0.034973
-0.214966
-0.005829
0.081238
-0.061707
-0.035980
-0.013885
0.250488
0.062927
0.156006
-0.024506
0.083801
0.025711
-0.063599
-0.017822
-0.253906
0.021774
0.059296
-0.053986
0.002228
0.020905
0.058289
-0.081055
-0.122864
-0.069946
0.002056
0.086731
-0.040619
0.082947
-0.015427
0.086548
-0.170410
-0.075073
0.114990
-0.119812
0.048492
-0.201782
-0.071960
-0.038727
-0.056061
-0.084473
-0.013199
0.105774
0.017487
-0.070618
0.095825
-0.020401
0.118103
0.020218
0.010628
0.053650
-0.096863
-0.092896
-0.010284
-0.117737
-0.082458
0.067688
-0.008057
0.090332
0.088623
-0.037720
-0.029648
0.003428
-0.068726
-0.017487
-0.021942
-0.168701
-0.007198
0.003256
0.130615
0.081238
0.140869
0.120667
0.131348
0.053467
-0.094421
-0.045929
0.028625
-0.137085
-0.166260
0.015427
0.183960
-0.021255
0.017822
0.037720
-0.083130
0.045776
-0.085693
0.006340
-0.059662
-0.093750
0.033264
-0.033081
-0.226196
-0.031891
0.031891
0.123474
0.055573
0.212524
-0.039276
-0.016113
0.052979
0.085388
-0.012863
0.024353
-0.037048
0.265381
0.053345
0.020401
0.096191
-0.081604
0.009949
-0.019211
0.005146
-0.017319
-0.067749
0.056763
0.030182
-0.127075
-0.047485
0.021439
-0.001715
-0.003773
-0.051086
0.084167
0.002914
0.040985
-0.000857
-0.075623
0.110291
0.028458
-0.039795
-0.153931
-0.076843
-0.072876
0.008400
0.058990
0.021439
-0.064819
0.130493
-0.073914
-0.129639
0.134644
-0.000686
-0.079895
0.003086
-0.013893
0.079895
0.023148
0.019379
0.016983
0.026413
0.050934
-0.058990
0.077698
0.035492
-0.080444
0.022293
0.025208
-0.110596
0.034821
-0.005657
0.033600
-0.082642
-0.124512
-0.057098
-0.124817
-0.044403
-0.089539
0.024353
0.162354
0.008057
0.085754
-0.041321
0.011658
0.103210
0.028809
0.008232
0.001543
0.028641
0.056946
-0.046814
0.014572
-0.075439
0.006516
-0.086914
0.026917
-0.114197
-0.042358
0.199097
-0.096191
-0.057800
0.023148
0.231323
0.071533
-0.109924
0.111633
-0.108521
-0.035309
-0.009087
0.275635
0.095520
0.014748
-0.085938
0.016632
-0.052643
0.061890
-0.190552
0.007030
-0.125122
-0.329590
0.009430
0.028641
0.202881
-0.001201
-0.069763
0.028122
0.011658
-0.031036
-0.037720
0.045776
0.079407
-0.117126
0.077332
