shape: [b:2, f:1, x:1, y:128, z:1, w:1, u:1, v:1, g:1] (count: 256, addr: 0xffffaaad573be000, original format: bfyx)
-0.009727
0.045746
0.126831
0.175415
-0.013069
-0.017471
0.072510
0.051971
0.007446
0.028107
-0.051971
0.167114
-0.029785
-0.098450
-0.031158
-0.037231
0.070374
0.117004
-0.088867
-0.048615
0.026291
-0.124023
0.049377
-0.019302
-0.205078
0.034943
-0.101685
-0.076416
0.018387
-0.158936
-0.019302
0.141479
-0.035400
-0.245728
-0.046356
-0.021881
-0.063354
-0.030548
0.030548
0.044830
-0.103760
-0.076599
0.011703
0.033569
-0.042084
0.008659
-0.007904
0.291260
0.066711
0.031464
0.009270
0.094238
-0.030853
0.103638
-0.013832
0.023712
0.048767
-0.005928
0.000456
-0.011551
0.043610
0.053497
0.010330
0.143433
-0.046814
-0.188721
-0.112122
0.241333
0.081604
-0.264160
0.109436
-0.042542
-0.028259
-0.047119
0.046051
-0.049835
-0.180786
0.026138
0.013069
0.030701
-0.021576
0.066833
-0.069580
0.168945
0.147705
-0.025528
-0.027054
-0.033417
0.102112
-0.140747
0.008965
-0.049072
-0.049683
-0.033569
-0.013977
0.021881
-0.050903
0.009422
-0.032379
0.121399
-0.023254
-0.003799
0.026443
-0.002279
0.136108
0.042236
-0.058502
-0.018234
0.009727
-0.013832
-0.089661
-0.032074
-0.034027
-0.104370
0.188477
0.026291
-0.016571
0.071899
-0.069885
-0.180054
0.072815
0.017776
0.011551
0.063354
0.039215
0.027954
-0.069458
0.107422
0.077759
-0.133423
0.125244
-0.125854
0.008217
-0.320557
-0.111572
0.039062
-0.032867
-0.004017
-0.095703
0.056061
0.068848
0.054779
-0.009499
0.062073
0.018997
0.000548
0.159058
0.039429
-0.080872
-0.020264
-0.028854
0.055145
0.104248
0.000365
0.029953
0.027573
0.011322
-0.008583
0.000365
-0.138916
-0.029770
-0.212158
0.002556
0.010406
0.018082
0.178711
0.129150
-0.078491
0.030304
-0.049652
0.168701
-0.127441
-0.004383
-0.179443
-0.029770
0.001096
-0.022278
0.022278
-0.061890
-0.005112
-0.003103
-0.002556
-0.009499
-0.020996
0.086914
-0.057159
0.016617
0.035614
0.015701
-0.025742
-0.112854
0.017349
0.000183
0.055878
-0.027023
-0.011505
0.015701
-0.006390
0.137329
-0.119812
0.024292
0.015884
-0.071411
0.057892
0.123413
0.152466
0.221924
-0.123047
-0.094421
0.025192
0.018448
-0.032318
-0.066833
0.015701
0.020813
0.075073
-0.004566
-0.137695
0.051117
-0.009674
-0.012054
-0.104431
-0.044189
0.084351
-0.001461
0.001461
-0.054047
0.094421
0.042542
0.165649
0.193970
0.063721
0.124695
-0.040710
-0.015701
-0.148804
-0.134399
-0.108826
0.008583
-0.049469
0.016251
-0.142456
-0.238281
-0.074158
0.018814
-0.023193
-0.119995
-0.095154
0.088928
0.080139
-0.065735
0.001826
-0.099670
0.084900
0.046204
0.075256
