shape: [b:2, f:1, x:1, y:128, z:1, w:1, u:1, v:1, g:1] (count: 256, addr: 0xffffaaad573be000, original format: bfyx)
-0.015930
0.041412
0.054352
-0.056793
-0.019302
-0.113953
0.047424
-0.118469
-0.008057
0.030182
-0.000937
-0.040283
0.026611
-0.309570
-0.052490
-0.061279
0.007309
0.068237
-0.072327
-0.037872
0.016495
-0.203491
-0.085083
0.077209
0.001499
-0.049683
0.121277
0.006935
-0.043121
0.074402
-0.013306
0.017242
-0.036163
0.212158
-0.006935
0.004871
-0.055115
-0.032043
-0.014435
-0.027557
0.018372
0.102905
0.076477
0.039734
0.069885
0.030731
0.008995
0.144165
-0.119934
0.028107
-0.125366
0.026611
-0.065796
0.109863
-0.055115
0.027557
0.120117
0.032623
-0.091248
-0.072144
-0.050995
-0.005623
-0.054169
-0.084900
0.059967
0.066162
-0.004684
-0.130615
-0.000375
0.046112
0.053802
-0.103638
0.003561
0.011993
-0.030731
0.084900
0.286621
-0.047607
0.058655
0.035797
-0.028671
0.112061
-0.017426
-0.113037
0.111328
0.036926
-0.132568
-0.108337
0.184204
-0.064819
0.017242
-0.144897
0.027740
0.024551
0.067871
0.123718
0.099731
-0.079468
0.100647
0.022308
0.065430
-0.034851
-0.083008
0.060150
0.034851
0.022110
-0.266602
-0.074768
0.078918
0.079468
-0.076477
0.068787
-0.120300
-0.171509
0.126709
-0.002249
0.063354
-0.105530
0.071960
-0.035614
0.031677
0.062622
0.047607
0.122925
-0.028107
-0.127319
-0.123718
-0.077576
0.016098
0.108887
-0.106812
-0.089722
-0.133423
0.001811
-0.110840
-0.000604
0.017105
-0.089966
0.005836
0.038422
0.032410
-0.085083
0.051910
0.021729
-0.020523
0.004227
-0.025955
0.001006
0.066589
-0.001207
-0.166992
0.002012
-0.089966
-0.003822
0.006840
0.083679
-0.032990
0.010666
-0.029785
0.017914
0.074829
0.008453
0.129028
0.011467
-0.124329
-0.072021
-0.113708
-0.060974
0.038422
0.070618
-0.035400
0.045258
-0.022141
-0.042847
0.291260
0.017502
0.078247
0.062164
-0.008049
0.016098
-0.152710
-0.038818
0.015495
0.016495
-0.006035
0.105835
-0.063171
-0.064575
-0.004829
-0.008049
-0.161743
-0.106262
0.054321
-0.004025
0.098389
-0.137573
-0.020523
-0.008652
-0.163818
0.138062
-0.009056
-0.043457
0.169189
-0.049500
-0.074036
0.197754
-0.125366
0.062164
-0.100586
-0.046265
-0.169434
0.217529
0.058350
0.027573
0.037231
0.062164
-0.004829
-0.119934
0.039429
0.175415
-0.025558
-0.136475
-0.014687
0.022537
0.068787
0.108887
-0.159302
0.169189
0.062164
0.128540
0.097778
0.051697
0.103027
0.057343
-0.085510
-0.045258
0.008850
-0.140991
-0.001207
-0.105225
-0.052124
0.099182
0.004829
-0.008652
0.006035
0.070251
-0.075073
0.009460
0.040833
0.011673
0.027771
0.213257
-0.077271
-0.148926
0.040649
0.134399
