shape: [b:2, f:1, x:1, y:128, z:1, w:1, u:1, v:1, g:1] (count: 256, addr: 0xffffaaad573bde00, original format: bfyx)
-0.074219
-0.078186
0.054291
-0.009636
0.042694
-0.118042
-0.088257
0.015327
-0.148193
0.028900
0.012917
0.022766
0.033051
-0.008980
-0.047302
-0.071594
-0.169678
0.040955
0.185303
-0.036346
0.008102
-0.082336
-0.027145
0.016647
-0.066772
0.067871
0.054749
0.112793
0.024750
0.083435
0.057373
0.107727
0.132202
-0.061310
-0.193970
-0.057800
0.031738
-0.093933
0.083618
0.113647
0.090027
0.157227
-0.082092
-0.037231
0.036133
-0.097656
0.173828
0.060211
-0.031311
-0.107483
-0.115845
0.088257
0.000219
-0.061096
0.067200
0.069641
-0.012047
-0.156128
-0.111877
0.053436
-0.234741
0.077271
-0.136841
0.132202
0.094360
0.059113
0.020142
-0.193970
0.083008
-0.065491
0.113220
-0.066589
0.016647
0.043365
-0.014671
0.026062
0.157471
0.104431
0.030441
0.002846
-0.065918
0.059998
-0.018616
0.055847
-0.012917
0.014450
-0.046844
0.094604
0.008102
-0.075317
0.038544
-0.029129
0.079712
0.060669
0.057587
0.021454
-0.063049
0.079895
-0.170776
-0.045776
-0.066589
0.099182
-0.083618
-0.011383
0.017960
-0.092834
0.023865
0.266113
-0.008537
0.042908
0.059998
-0.062622
0.063721
-0.217896
0.147827
-0.058899
0.046204
0.110779
0.011826
0.075134
-0.034607
-0.103821
-0.087830
-0.069824
-0.049042
0.020584
0.074219
0.024307
0.009544
-0.010605
0.063782
-0.017853
0.036743
0.250000
0.020142
0.067688
0.141724
0.031281
0.028976
0.145264
-0.006008
0.073364
-0.027740
-0.099670
0.007069
-0.012901
-0.109558
-0.081970
-0.270264
-0.086060
-0.109375
0.000707
0.126221
0.064331
-0.049652
-0.138916
0.042603
-0.003357
0.076355
0.058502
-0.207153
0.017319
-0.001413
0.083740
0.159546
0.142578
-0.119812
-0.084473
0.014313
0.080566
-0.090149
-0.080750
0.072266
-0.050537
-0.022263
0.042938
-0.177246
0.028809
0.045959
-0.220947
0.080261
0.050201
-0.139648
0.100403
0.070496
0.017670
0.016434
-0.047363
-0.011307
-0.006363
0.021561
-0.033234
0.006893
-0.030746
0.033386
0.034637
0.025803
0.051788
-0.164917
-0.086609
-0.026505
-0.000707
-0.037292
-0.091003
-0.154419
0.083923
0.013428
0.022263
0.053192
-0.121399
0.019440
0.037994
0.176025
-0.025970
0.006538
-0.031464
0.107971
-0.038177
0.058685
0.186646
0.012367
-0.039398
-0.099670
-0.075623
-0.166626
-0.009895
0.040100
-0.016617
-0.002651
0.074402
-0.001944
0.076355
0.023148
0.032166
-0.034271
0.187866
-0.083069
-0.111145
-0.008125
0.107300
-0.005123
0.003004
-0.132568
0.039246
-0.061157
-0.033234
-0.115417
0.051239
-0.011490
-0.101990
-0.128296
-0.019623
0.026688
0.196655
0.003004
-0.046112
