shape: [b:2, f:1, x:1, y:128, z:1, w:1, u:1, v:1, g:1] (count: 256, addr: 0xffffaaad573bde00, original format: bfyx)
0.013840
-0.043335
0.121948
0.081055
-0.147827
-0.003210
-0.073608
-0.010033
0.121765
-0.037323
-0.009232
-0.001805
0.018661
-0.011032
-0.080627
-0.191040
-0.079834
-0.194946
0.053558
-0.027878
-0.017654
0.017853
0.103699
0.128540
-0.028091
0.000401
0.025681
-0.022064
0.140625
-0.027084
-0.014046
-0.109314
0.005016
-0.005817
0.059998
-0.188721
-0.073608
-0.058777
-0.001805
-0.028091
-0.170532
-0.077637
-0.084229
0.051361
-0.083679
0.017654
-0.045532
-0.139771
0.006618
0.009026
-0.010834
0.001605
0.013840
-0.081665
0.014847
-0.031097
0.087097
-0.017456
-0.068420
0.080627
-0.093079
0.037506
-0.078247
0.009026
-0.051361
-0.180786
-0.050140
-0.041321
0.017654
-0.086243
-0.071228
0.014847
-0.116577
-0.016052
0.006020
0.151489
-0.015656
-0.031891
-0.027084
-0.077209
0.197998
-0.086243
0.007023
0.095093
-0.012642
-0.094910
0.124756
0.049347
-0.009827
-0.046539
-0.085876
0.033508
-0.040710
0.041534
0.059174
-0.105896
-0.007221
0.002207
0.263672
-0.041534
-0.002810
-0.002207
0.156128
0.004414
-0.068420
0.003410
-0.042725
-0.012840
0.200806
-0.107910
-0.159546
0.052765
0.003410
-0.009827
0.199829
-0.000000
0.032715
-0.123352
-0.095520
0.091064
-0.164673
-0.069031
0.070435
0.070190
-0.088684
-0.089050
-0.295410
-0.046936
0.004883
-0.024414
0.117798
0.017654
-0.140625
0.010704
0.062927
-0.047150
-0.043945
-0.007137
0.121887
-0.054291
-0.044312
0.051453
-0.007324
0.086792
0.122253
-0.051453
-0.123779
-0.103699
-0.148560
-0.063110
0.044342
0.152100
-0.295654
0.060669
-0.002066
0.041504
-0.028168
0.006763
-0.032684
0.184204
0.109314
-0.084167
-0.018219
0.006573
-0.024231
0.070251
0.000564
0.030426
0.111938
0.031555
0.243042
0.245850
-0.134644
0.016525
-0.051453
-0.010704
0.081116
0.078125
-0.024979
-0.078308
0.010895
0.040375
0.151001
-0.042999
0.114746
-0.037567
-0.026855
0.134277
-0.071167
0.024414
-0.059540
-0.099365
-0.039429
0.027237
-0.100464
-0.126953
0.121521
0.001878
0.092957
-0.101807
0.002441
0.001503
0.020279
0.076843
0.068909
-0.004509
0.060669
0.154419
-0.100647
0.012207
0.050323
0.149536
0.006573
0.088684
-0.027420
0.072510
-0.009766
-0.025360
0.018967
0.040771
-0.054657
-0.151245
0.093567
0.101074
-0.052399
-0.065735
0.021225
0.345703
-0.007702
-0.043579
0.032501
-0.002254
-0.026291
0.029114
0.015022
0.006386
0.013901
0.076416
-0.045837
-0.005634
0.061615
0.025925
0.119629
0.012398
0.021042
-0.023849
0.051453
0.049774
-0.012207
-0.035126
0.184204
-0.038513
-0.123413
-0.047882
-0.049011
-0.076233
