shape: [b:2, f:128, x:1, y:1, z:1, w:1, u:1, v:1, g:1] (count: 256, addr: 0xffffaaad573be000, original format: bfyx)
0.069763
-0.090759
0.113953
0.120605
-0.110352
-0.240601
0.060150
0.079712
0.078918
-0.080200
0.077942
0.027222
-0.053131
-0.026398
0.096985
0.079529
0.023804
-0.130615
-0.006355
0.050201
0.022003
-0.316895
-0.033264
-0.066162
-0.010109
-0.016632
0.013039
-0.054779
0.032288
-0.052490
-0.010429
-0.044342
-0.058197
-0.039764
0.115723
-0.030487
-0.034241
0.027054
-0.026245
0.039612
0.008965
-0.243774
-0.036499
-0.007820
0.026245
-0.070557
0.041901
0.081177
-0.299316
-0.156616
0.031616
-0.068604
-0.095825
0.014671
0.009125
-0.011246
0.136230
-0.087830
0.146851
0.047607
0.039612
-0.057220
0.041901
-0.186646
0.060150
-0.020706
0.122925
0.066528
-0.137695
-0.054291
-0.096008
-0.008965
0.045319
0.094360
-0.002771
-0.030487
0.058350
0.036682
-0.052795
0.024780
-0.100220
0.035522
-0.025757
0.113770
-0.039612
-0.060638
-0.112610
0.012222
-0.004402
-0.061127
-0.086548
0.000326
-0.034241
-0.009453
0.113098
0.057220
0.292480
-0.005543
0.101562
-0.008636
-0.210693
0.062927
0.003098
-0.047760
0.021347
-0.094360
-0.029175
0.049377
-0.014832
-0.003424
-0.011406
-0.081848
0.172729
0.014343
0.125488
0.013367
-0.030151
0.069946
-0.020859
0.059479
-0.061951
0.008636
-0.066528
0.040436
0.009941
0.056732
0.058197
0.010597
-0.067200
0.013657
-0.062408
0.013123
-0.045044
-0.008331
-0.007980
-0.003548
-0.015961
0.042023
0.066345
0.081909
-0.053741
-0.260254
-0.081055
0.066711
-0.028381
0.007450
-0.086548
0.025711
0.060822
0.012589
0.030685
-0.024643
0.132446
-0.025009
0.038483
0.043091
-0.028549
0.049133
-0.036896
-0.200195
0.062256
-0.082275
0.060120
-0.017731
-0.134277
-0.016144
0.014191
-0.036346
0.008156
-0.003548
0.079468
0.004612
0.048401
-0.043274
0.151123
0.156006
0.066711
0.063843
-0.030853
-0.013123
-0.026962
-0.043793
-0.046295
0.066833
0.014542
0.004967
0.016846
0.009750
0.003370
0.071289
-0.065613
0.059052
-0.032288
0.043640
0.088501
-0.181763
0.011879
0.011169
-0.045563
0.180176
-0.011528
-0.001774
0.061523
-0.106201
-0.147217
-0.030685
0.031738
-0.020035
0.021454
-0.004612
-0.247925
0.102661
0.045746
0.038116
0.058533
-0.003725
-0.007450
-0.059753
0.027313
0.118469
-0.029434
-0.088135
0.081726
-0.128418
-0.004433
-0.021988
0.061890
0.208862
0.045563
0.056030
0.137451
-0.010284
0.292725
0.405029
-0.027313
0.060120
0.007626
-0.095947
-0.035645
0.099304
-0.061005
0.025177
0.015076
0.078003
0.009933
-0.026062
0.138916
-0.146118
0.093994
0.012062
0.105530
0.054077
0.025894
0.086914
-0.091309
0.056915
