shape: [b:2, f:1, x:1, y:128, z:1, w:1, u:1, v:1, g:1] (count: 256, addr: 0xffffaaad573bde00, original format: bfyx)
0.158936
-0.017105
-0.098206
-0.074768
-0.116028
-0.036255
-0.164917
-0.032532
0.162476
-0.137817
0.036438
-0.022690
0.075684
0.058380
-0.014877
-0.021942
-0.147095
0.040527
-0.042969
-0.101318
-0.026962
0.061188
0.152100
0.050018
-0.099487
-0.039062
0.059143
0.043152
-0.150635
0.047058
-0.002417
0.019531
-0.129272
-0.021378
0.098022
0.002604
0.038483
0.221436
-0.013763
-0.093506
0.084595
-0.177002
0.074951
0.007996
0.037384
-0.068970
0.053375
-0.006508
0.008743
-0.035522
0.075317
0.036621
0.184082
0.043152
-0.094666
0.081421
0.048340
0.107849
0.153198
-0.105835
0.022125
0.013947
0.065063
0.162476
-0.003532
0.101746
-0.162354
0.114014
-0.061920
0.017670
-0.126221
0.005764
0.019150
0.045929
0.038879
-0.076782
0.191772
0.054474
-0.061371
-0.163696
0.007439
0.010414
-0.120483
0.016556
0.026962
-0.183472
-0.039246
0.066406
0.004650
-0.049286
-0.083496
0.033661
0.027527
0.007809
-0.054871
0.071045
-0.018784
-0.083496
0.061920
0.131470
-0.009109
0.065857
-0.040161
0.017853
0.054657
0.013763
0.018784
0.120300
-0.070679
-0.006508
-0.064697
0.009666
0.111206
-0.097046
-0.243042
0.067505
0.050964
-0.105835
0.104309
0.040924
0.003160
0.160156
0.019150
0.147461
-0.075317
-0.062469
0.057098
0.114746
-0.148071
0.016190
0.078369
0.035858
-0.058563
-0.126831
-0.022049
0.103943
0.162598
0.020782
0.036804
0.054413
-0.037140
-0.051086
0.032837
-0.019989
0.188354
-0.009834
0.046326
0.152466
0.169800
0.017288
0.066650
0.114868
-0.140747
-0.163452
0.033813
-0.159668
-0.063965
0.017609
0.007774
0.000476
0.041901
-0.065979
0.013962
0.000000
0.049988
0.058716
0.070007
-0.072205
-0.112366
-0.052368
-0.169922
-0.080261
0.035858
-0.014595
-0.072998
0.025391
0.039520
-0.018723
-0.033173
0.050293
0.108032
0.053955
-0.185547
-0.042847
0.071228
0.081421
-0.003809
-0.082336
-0.008728
0.020950
-0.107605
0.135254
0.025391
0.080750
-0.001587
-0.097107
0.161987
-0.100769
0.023010
0.091858
-0.006664
-0.012375
0.042358
-0.196411
-0.002062
-0.004444
0.085815
-0.012062
0.028885
-0.010475
-0.018402
-0.023331
0.108032
-0.149902
-0.135376
0.058228
0.045532
0.008095
-0.075195
0.275879
-0.054901
0.128052
-0.014915
0.025391
-0.109009
-0.067261
-0.103760
-0.085205
0.111572
0.019989
0.023010
-0.152344
-0.164551
-0.004444
-0.009361
-0.004284
-0.061890
0.108704
0.132202
0.070435
-0.052521
-0.089783
-0.217407
-0.053619
-0.059174
0.008247
0.011742
0.114258
-0.010628
-0.053314
0.088867
0.007141
0.030151
0.053467
0.176514
-0.009521
