shape: [b:2, f:128, x:1, y:1, z:1, w:1, u:1, v:1, g:1] (count: 256, addr: 0xffffaaad573bde00, original format: bfyx)
0.053131
0.007072
0.024994
-0.074829
-0.090698
-0.024200
-0.069458
-0.006760
-0.073059
-0.032837
-0.012100
0.017761
0.001886
0.000472
-0.049194
-0.025146
0.108154
-0.150269
-0.040405
0.129517
0.009117
-0.000628
0.062866
0.048248
-0.049500
0.015404
0.044159
0.006287
0.079712
-0.043060
0.103760
0.041016
0.036469
0.025299
-0.023895
-0.040863
-0.007702
0.166870
0.038208
-0.020752
0.133911
-0.212280
-0.121521
0.027512
-0.024521
-0.058624
-0.121643
0.182129
0.092407
-0.061768
-0.063965
-0.033783
-0.091003
0.056122
-0.024048
0.109253
0.069763
-0.068237
0.041016
0.182983
-0.087891
-0.066772
-0.034119
-0.064575
-0.035065
0.024048
0.112061
0.238403
0.048248
-0.009270
0.077942
0.087891
0.136597
0.045746
0.090088
-0.132446
-0.120850
0.010056
-0.009270
-0.011002
-0.011314
0.070557
-0.086609
-0.060028
0.087891
0.119751
-0.029556
0.087524
-0.052185
-0.171143
0.305176
-0.007229
0.007702
0.024994
0.060974
-0.014145
0.173706
-0.082214
0.008484
-0.038971
0.041656
0.012260
-0.175293
0.007389
-0.032837
0.105286
0.012733
-0.004871
-0.155029
0.068665
0.016815
0.057068
0.046204
-0.064758
0.288330
0.007072
0.102478
-0.018860
-0.053589
0.123047
-0.007545
-0.064758
0.123413
-0.061615
0.020584
0.136963
0.019653
-0.110352
0.053406
-0.031113
0.034912
-0.081787
0.105469
0.057922
-0.052368
-0.065002
0.072083
0.042175
0.076782
-0.023163
0.108582
0.074341
0.075745
0.000346
-0.217529
-0.015900
0.005531
0.016602
-0.102844
-0.060150
0.057404
-0.005878
0.158325
0.025589
0.043579
-0.073669
0.070374
-0.007088
-0.010376
-0.100098
0.101990
-0.132568
-0.017456
-0.067444
-0.016251
-0.111877
0.016418
0.092834
0.056885
-0.065186
0.123596
0.175659
0.077942
-0.117920
-0.117554
0.004669
0.078979
-0.016418
-0.044250
0.043213
-0.044250
0.036835
0.268555
0.021271
-0.068604
0.085205
-0.057037
-0.038910
-0.134277
-0.048065
0.160767
-0.154663
0.114258
-0.000000
-0.016769
0.083679
-0.137085
-0.115479
-0.162354
-0.004150
-0.097839
0.019012
-0.003630
-0.029907
0.019363
0.020233
0.079529
-0.024368
-0.119263
-0.040619
-0.033875
-0.096619
-0.040466
0.162354
-0.020401
0.279297
-0.087158
-0.013481
0.020920
-0.137207
-0.046326
0.034576
-0.039062
0.116333
-0.012962
0.017639
-0.064331
-0.104614
-0.110291
-0.094055
0.211914
-0.059296
-0.070007
0.125000
0.003975
-0.203247
0.000000
0.022827
-0.001210
0.003458
0.126221
0.088318
-0.148193
0.025589
0.041138
0.019714
0.003458
0.088013
0.011581
0.086975
0.023682
0.023514
-0.024368
0.047211
0.104431
-0.002247
