shape: [b:2, f:128, x:1, y:1, z:1, w:1, u:1, v:1, g:1] (count: 256, addr: 0xffffaaad573be000, original format: bfyx)
-0.030396
-0.062256
0.026199
0.138306
0.081482
-0.008247
0.154785
-0.099304
-0.004688
0.009056
0.033783
-0.073730
0.100098
0.304443
-0.075684
0.059662
0.075989
0.013748
-0.025711
-0.010674
0.033478
-0.092957
-0.002102
-0.018433
-0.220093
-0.071777
0.118835
-0.085693
-0.048187
-0.054504
-0.084595
0.159180
0.127075
0.127808
0.044312
-0.039124
-0.008568
-0.005337
0.044312
0.015526
-0.041412
0.137451
-0.035095
0.008247
0.055634
0.058716
-0.072632
0.113708
-0.068909
0.069702
0.052246
-0.064697
0.010185
0.063904
0.015038
0.061462
0.092041
0.009544
-0.005497
-0.011642
0.063538
-0.019897
-0.003881
-0.020050
0.026840
-0.123230
0.170898
0.205566
-0.044312
-0.308105
0.011803
0.038177
0.159180
-0.007439
0.113525
-0.067932
-0.143921
-0.085571
0.049957
0.058533
-0.015198
0.024734
-0.130981
0.059021
0.062561
0.036713
-0.038818
-0.021500
0.067932
-0.119202
-0.000809
-0.075684
-0.080383
-0.038177
0.009865
0.023773
-0.194336
0.019409
0.080017
0.147949
-0.033630
-0.032166
0.004204
0.007599
0.218262
0.036865
0.014229
0.000162
0.026688
0.035400
-0.066956
-0.013260
-0.013260
-0.142334
0.066772
-0.004044
0.075684
0.063721
0.027969
-0.064331
-0.127930
0.087646
0.103516
0.039948
-0.054993
0.176392
0.040100
-0.050293
0.110168
-0.205200
0.053925
0.095642
-0.065552
-0.198486
-0.131104
0.046936
0.007175
0.001358
0.090027
0.054688
-0.046539
-0.134277
0.024246
0.114441
-0.032013
0.024628
0.236816
0.061096
0.063416
-0.028519
0.123352
0.008537
-0.022507
-0.043823
0.100464
-0.031235
0.077759
0.071960
0.034149
-0.109802
-0.087097
0.116943
-0.122559
-0.061676
-0.121643
-0.117371
0.045197
0.043640
-0.045380
-0.006207
-0.001552
-0.097778
0.105164
-0.118896
0.142212
0.107483
0.006596
0.009308
-0.045197
0.023270
-0.033752
-0.019974
0.001163
-0.008537
0.039948
-0.134766
0.030457
-0.005627
-0.059174
-0.040344
-0.089050
0.056641
-0.038208
0.051025
0.093079
-0.070984
0.071960
0.010277
0.207397
0.067139
-0.046539
0.022110
0.026581
-0.029678
0.031036
-0.115967
0.194580
-0.109192
-0.018234
0.019974
0.012413
-0.271240
-0.005817
0.014938
0.001552
0.080872
-0.087097
-0.154419
-0.015717
0.050049
0.104736
0.045380
0.063232
0.082031
0.038422
0.036072
-0.053528
0.060120
-0.085510
0.082825
-0.012611
0.051392
0.129761
-0.066711
-0.027740
-0.174927
-0.129517
-0.034515
0.061096
-0.121033
0.136353
0.018234
-0.022690
-0.007370
-0.070007
0.074707
-0.222534
-0.000776
0.039948
0.080872
-0.129517
-0.115051
-0.082458
0.048492
0.042877
0.038605
