shape: [b:2, f:128, x:1, y:1, z:1, w:1, u:1, v:1, g:1] (count: 256, addr: 0xffffaaad573bde00, original format: bfyx)
0.011261
0.002945
-0.071228
0.024078
0.004677
-0.083862
0.052856
-0.013168
-0.103271
0.013687
-0.011436
-0.009354
0.065857
0.080933
-0.107788
-0.048004
-0.019577
-0.073792
-0.141357
-0.095642
0.012474
0.063782
-0.036896
0.012131
0.230591
-0.056305
-0.156982
-0.038818
-0.168579
-0.014725
0.087524
-0.176147
-0.038300
0.000866
-0.133911
0.007103
0.075378
-0.076599
0.015251
-0.212769
-0.029114
0.093201
0.062042
0.116089
-0.052856
-0.006584
0.072083
0.059265
0.018021
0.013512
0.005543
0.016632
-0.192993
-0.021133
0.058380
-0.000866
0.014725
0.079163
-0.004677
-0.074829
-0.113831
-0.048340
-0.120422
0.055084
0.049377
0.099976
-0.013687
0.016281
-0.140137
-0.118835
0.043823
0.004852
0.050934
0.095276
0.006584
0.039673
0.166748
0.086609
0.019226
0.031021
0.065308
-0.108459
0.069824
-0.041931
-0.088562
-0.180176
-0.142578
-0.132568
-0.005024
0.112610
-0.133789
-0.081421
-0.065002
0.102600
-0.029633
-0.004852
-0.043152
0.000173
0.063599
-0.115540
0.029449
-0.079163
0.007103
-0.010742
-0.034821
0.028595
0.114380
0.173584
0.162476
0.240845
0.024780
-0.013863
-0.000000
-0.036743
0.059265
0.076050
0.062042
-0.009705
0.039520
-0.191772
0.057709
0.065857
-0.151489
-0.029633
0.086487
0.027023
0.232178
-0.012299
0.026245
-0.094543
-0.031769
0.041870
0.004726
0.038452
-0.071533
0.052643
-0.243164
-0.000815
-0.086365
0.051819
0.160522
0.022156
0.036499
-0.016785
-0.003748
-0.000978
0.172241
-0.026886
0.092896
-0.095825
-0.182861
0.058990
-0.198486
0.140747
0.022659
0.188721
-0.072815
-0.015480
-0.175781
0.055420
0.081787
-0.039429
-0.036163
0.092896
0.067627
-0.012062
-0.017273
0.045807
-0.122192
0.009125
0.020050
-0.135132
-0.067444
0.042542
-0.008636
0.048553
0.080505
-0.085205
-0.027863
0.058350
-0.130859
-0.057526
0.039124
-0.002119
0.126587
0.067322
-0.122681
-0.022156
-0.126099
0.004890
-0.021027
0.112305
-0.069763
-0.053955
0.002281
-0.074829
0.017441
0.061768
-0.146606
0.169922
-0.008797
-0.001467
0.016296
-0.036499
0.145874
-0.044983
0.006519
0.036499
-0.059479
-0.056885
0.051331
-0.053467
0.071228
-0.228271
-0.023788
-0.132324
0.018585
-0.062408
0.184204
-0.204956
0.034546
-0.028687
-0.050690
-0.019882
-0.013527
-0.040588
-0.032593
-0.088013
0.026398
0.088196
0.041565
-0.034058
-0.190063
0.037170
-0.031128
0.027222
0.035034
0.153320
0.188110
0.136597
-0.051666
-0.065674
-0.023788
-0.048553
-0.028839
0.075317
0.052643
-0.121887
-0.028839
-0.008308
0.080017
0.030807
0.112793
0.029663
0.074646
-0.141235
