shape: [b:2, f:1, x:1, y:128, z:1, w:1, u:1, v:1, g:1] (count: 256, addr: 0xffffaaad573bde00, original format: bfyx)
0.039917
0.035675
0.087952
0.041656
0.029709
-0.003349
-0.064209
-0.000437
-0.040771
0.085205
-0.004223
-0.060577
0.010483
-0.054749
0.009178
-0.050964
0.037872
-0.000728
0.049377
0.007572
-0.007866
-0.092773
0.125732
-0.090027
0.121887
-0.051697
-0.075439
0.041931
0.055481
0.066711
-0.044128
0.093201
-0.061462
-0.016449
0.009468
-0.011795
-0.027527
-0.390625
-0.034821
-0.041077
0.040192
0.016159
0.060577
-0.148804
0.085632
-0.010628
0.038025
0.078369
-0.024902
0.070190
0.164917
-0.047760
-0.206543
0.040924
0.026657
-0.018936
-0.003641
-0.084045
0.187988
0.018494
-0.102966
0.075562
-0.028107
0.060730
-0.136108
-0.182861
-0.000583
-0.037720
-0.009903
-0.046173
0.063660
-0.001893
-0.078369
0.036255
-0.124634
0.090271
-0.127319
0.005096
0.027954
-0.017471
-0.056946
-0.020386
0.119873
0.036560
0.037720
0.048920
-0.017334
-0.033630
-0.076172
0.345703
-0.029419
0.070312
-0.010048
0.015434
0.016312
-0.020676
-0.158325
-0.047485
-0.086060
-0.051544
-0.056366
-0.000437
-0.104126
0.029129
0.032776
0.138062
-0.044403
-0.058105
0.011650
-0.037872
-0.091309
-0.045868
-0.052582
-0.038605
-0.164551
-0.028397
0.124512
-0.019806
-0.046448
-0.189941
0.121033
0.047485
-0.139893
0.212036
-0.009758
-0.042664
-0.054321
0.100952
-0.090698
0.011276
-0.155762
0.095642
0.233032
0.013664
-0.004955
-0.100586
-0.006660
-0.003416
-0.013321
0.024429
-0.177002
-0.016052
0.092773
-0.059967
-0.014351
-0.022888
0.082520
0.057404
0.090698
0.025620
-0.112732
-0.067993
-0.002903
-0.104736
-0.075684
0.055359
0.001708
-0.017929
0.106567
0.062347
0.163940
-0.004612
0.015030
-0.070007
-0.093079
0.106934
0.117188
0.075989
0.008026
0.113953
0.193848
-0.097046
-0.169922
-0.039642
-0.099243
0.072266
0.204834
0.004101
-0.015541
0.031616
-0.090698
0.014008
-0.246094
0.033295
-0.025787
0.062866
-0.060822
-0.057739
0.070190
-0.015373
0.102295
0.030228
-0.017075
-0.048004
-0.083374
-0.099243
0.008881
-0.142090
0.029037
0.017761
-0.048523
-0.014351
0.005123
0.063904
0.067810
-0.035858
-0.140625
0.142456
0.046112
-0.113770
0.093079
0.042542
-0.002392
-0.005806
-0.072083
0.173218
-0.048859
0.006321
0.011955
0.153198
0.118530
0.095642
0.058075
-0.086243
0.049011
-0.021347
0.107971
-0.035522
0.188721
-0.124695
-0.077881
0.026306
-0.149658
0.033661
-0.087769
-0.079773
-0.000513
0.106262
0.097351
-0.178711
0.031616
0.097351
0.001708
0.010590
-0.003929
-0.011955
-0.007515
-0.121460
-0.024078
0.152710
-0.135254
-0.076538
-0.041351
0.055176
-0.032440
0.012985
