shape: [b:2, f:128, x:1, y:1, z:1, w:1, u:1, v:1, g:1] (count: 256, addr: 0xffffaaad573be000, original format: bfyx)
0.026398
-0.303711
0.050415
0.000632
-0.083313
-0.035889
-0.047882
-0.003477
0.037140
-0.073364
-0.060059
0.047729
-0.012962
0.176147
-0.094849
0.049316
-0.072266
0.019913
0.145386
-0.090271
0.015488
-0.103088
0.070801
0.037628
0.106689
0.050262
0.058014
-0.012016
-0.026718
0.148071
-0.050262
0.015335
-0.036682
-0.092468
0.096436
-0.117126
0.008537
0.072693
-0.091370
0.159058
0.078735
0.238037
0.066406
-0.032715
0.014069
-0.000316
-0.017548
-0.123779
-0.125000
0.077942
-0.055328
-0.079163
-0.063721
-0.039032
-0.013275
-0.098450
0.052155
0.030029
0.059113
0.001897
-0.187988
-0.020386
0.039520
0.127563
-0.045837
-0.003952
0.128052
0.027191
0.166260
-0.091187
-0.029724
-0.039032
0.125244
0.031464
-0.042358
-0.027344
-0.098633
-0.159790
0.005215
0.085510
-0.024506
-0.004108
-0.041718
0.050751
-0.065918
0.003477
-0.049164
0.008064
0.037292
-0.017227
0.033051
0.109375
-0.001106
-0.003952
0.073486
-0.135986
-0.012169
0.029556
-0.167725
0.123291
-0.034943
0.014702
-0.112732
-0.019913
-0.101807
-0.308105
0.127441
-0.048828
0.028290
0.062744
0.002371
-0.072876
-0.093445
-0.120789
0.173828
-0.030350
-0.066833
-0.080933
0.038239
0.101196
-0.083618
-0.012962
-0.027664
0.035095
0.018173
-0.017075
0.162720
-0.065430
-0.179199
0.168823
-0.177002
-0.021225
-0.069153
0.015976
-0.068909
-0.042450
-0.007206
0.114685
0.129639
-0.000390
0.104553
-0.131470
0.155029
-0.013634
-0.072083
-0.015190
-0.088806
0.028824
-0.046143
-0.008179
0.037384
0.030182
0.103577
-0.069336
-0.018112
0.006428
-0.017715
0.078674
-0.112366
-0.073608
-0.001558
0.186768
0.056274
-0.013435
-0.002337
-0.031158
0.314209
0.017532
-0.154419
0.012466
0.028625
-0.234985
0.000390
0.019669
-0.098511
0.002142
-0.064819
-0.058807
0.040497
0.131836
0.031555
0.011879
-0.001753
0.008179
-0.079041
0.019470
-0.060364
0.179199
0.067383
0.010323
0.118042
0.051025
-0.131592
-0.012856
-0.000779
0.127930
0.065063
-0.095398
0.024933
0.015190
-0.012466
0.008766
0.084900
-0.125977
-0.015381
-0.106689
-0.001168
-0.157349
0.070129
-0.075378
-0.012856
0.105347
0.007011
-0.043823
0.042664
-0.072998
-0.071289
0.031738
-0.016556
-0.001558
-0.067383
-0.010513
-0.038361
-0.100708
0.126953
0.063110
-0.138672
0.064819
0.043030
0.045563
0.156372
0.051208
-0.044800
0.335938
0.022202
0.005257
-0.037384
0.044403
-0.022003
-0.050049
0.053558
-0.150146
-0.013634
-0.090942
0.021027
-0.067383
-0.082947
0.021027
0.029205
-0.032318
0.081604
-0.041290
0.022583
-0.026489
0.037384
-0.133545
