shape: [b:2, f:1, x:1, y:128, z:1, w:1, u:1, v:1, g:1] (count: 256, addr: 0xffffaaad573bde00, original format: bfyx)
-0.168457
0.035889
-0.027405
-0.081055
0.013939
-0.044373
0.087158
-0.011215
-0.187744
0.116638
-0.010735
0.028839
0.025162
0.045349
-0.082336
-0.068237
0.025803
0.060394
-0.075806
-0.117798
0.020996
0.051605
-0.006729
-0.085876
-0.045502
0.003365
0.005608
-0.117310
0.121948
-0.203613
0.024841
-0.070496
0.163574
-0.056732
-0.078064
-0.110718
0.120178
-0.015381
-0.040527
0.054474
0.044220
-0.048706
0.090393
-0.117432
0.022598
0.015060
0.049988
-0.076294
-0.030441
-0.040710
0.004807
-0.081238
-0.012337
-0.120178
0.054962
-0.077209
-0.127808
0.089111
0.035736
-0.165649
-0.019547
-0.003525
0.063599
-0.041351
-0.033173
0.140747
0.067139
-0.140503
-0.016663
-0.021317
0.250244
0.022110
-0.093567
-0.040527
-0.089905
0.019867
-0.006729
0.065674
-0.084778
-0.044708
0.095337
-0.091492
-0.070984
0.098877
-0.108643
-0.082214
-0.046295
-0.009613
0.032684
0.106262
0.003044
0.013138
-0.054474
-0.066956
0.019394
0.088135
-0.003044
-0.072449
-0.243286
0.013458
-0.050476
0.043915
0.000160
0.054962
-0.034760
-0.011856
-0.028366
0.073730
0.272705
0.122253
0.150513
0.009613
0.065247
-0.012497
0.177368
0.020676
-0.065369
-0.109436
0.078491
-0.030762
0.098877
-0.036224
-0.154297
-0.020355
0.050323
-0.050781
-0.238892
0.102722
-0.038605
-0.011337
-0.027771
0.000493
-0.071960
0.124207
-0.058838
0.128174
0.240601
-0.057190
-0.022018
0.093018
0.127197
0.028595
0.057343
-0.098267
0.221802
-0.005917
-0.077698
0.103882
-0.205078
0.033356
-0.219727
-0.035645
0.165771
-0.004108
-0.106628
0.102051
-0.011505
0.037964
0.130615
-0.026291
0.113220
-0.120300
0.043213
-0.072327
0.007065
-0.021530
-0.080994
-0.071289
0.044861
0.046021
0.124695
-0.108459
-0.155762
-0.033203
0.050293
0.057678
0.062927
0.051422
-0.053406
-0.060150
0.098755
0.009529
-0.141602
-0.026459
-0.011665
0.049957
-0.037781
-0.075562
0.003944
0.067871
-0.057526
-0.125366
0.082825
-0.063110
0.015945
-0.016922
-0.105469
0.081177
-0.065552
0.147217
0.017090
-0.000493
0.057526
-0.119141
-0.109924
-0.010681
-0.048462
-0.149048
0.088074
0.056366
-0.017426
0.049469
-0.157715
-0.142090
0.127075
0.029907
0.127319
-0.030228
-0.203613
-0.125366
0.029251
0.043701
-0.080505
0.178833
0.011993
-0.030563
0.042236
0.048798
0.023666
0.083130
-0.000493
0.068359
-0.052582
0.002958
-0.029739
0.051758
-0.000657
0.123596
0.101868
0.101379
-0.061615
0.074097
-0.004272
-0.093140
0.003614
-0.044189
0.052429
-0.054382
-0.093811
0.079529
-0.041077
0.016754
0.036804
0.024155
-0.187012
-0.054047
