shape: [b:2, f:1, x:1, y:128, z:1, w:1, u:1, v:1, g:1] (count: 256, addr: 0xffffaaad573be000, original format: bfyx)
-0.134521
0.046265
-0.006638
-0.037842
0.030136
-0.022949
0.139893
-0.000717
-0.083191
0.130371
0.078552
0.078918
0.050049
0.110474
-0.025650
-0.095947
-0.144409
0.044647
0.008247
0.067993
0.040710
0.055054
-0.003767
-0.053619
0.138794
-0.075500
0.085205
-0.091980
-0.085388
-0.093811
-0.009148
0.038391
0.086975
0.287598
-0.097046
-0.042328
0.117493
0.013809
0.043030
-0.082336
-0.029236
-0.182617
0.119995
-0.005737
0.084106
0.050934
-0.001972
-0.136841
-0.123413
0.043579
0.043213
0.055237
-0.051636
0.090576
0.028702
0.086243
0.104004
-0.035156
0.001076
-0.035522
0.007889
0.029953
-0.082886
-0.032104
0.012016
0.052368
0.059540
-0.119446
-0.027084
-0.085388
-0.225952
0.001614
-0.107422
0.069214
0.103333
0.061340
0.027084
0.100098
-0.146118
0.077271
-0.022232
0.001794
0.015244
-0.032471
0.021881
-0.020630
-0.095947
-0.097534
-0.014168
-0.000359
-0.045898
0.000897
-0.177856
0.032990
-0.044830
0.160156
0.041077
-0.069763
-0.022781
-0.070129
-0.036041
-0.028870
0.156372
0.107788
0.140259
-0.050201
0.051300
-0.037476
0.016678
-0.008072
-0.117798
0.100098
0.039276
0.111755
-0.212036
-0.062561
-0.080505
-0.050201
-0.126221
-0.240479
0.040344
-0.197266
0.109741
-0.016144
-0.000538
-0.050201
-0.035675
0.053101
-0.053131
-0.140381
-0.019821
-0.003523
0.022018
-0.207642
-0.139160
0.005726
0.029068
0.005138
-0.032745
0.021133
-0.112000
0.126099
0.054901
0.006458
0.016144
0.030090
0.033478
-0.066345
0.052979
0.040527
0.162598
0.026428
-0.007191
0.011009
0.053864
0.007339
-0.026566
0.023483
-0.007191
-0.033905
0.010567
0.092896
-0.005432
-0.010132
0.022598
-0.010422
-0.621094
0.028915
-0.068542
-0.009247
-0.013359
0.008804
-0.005283
-0.091614
0.173706
-0.062378
-0.049622
-0.056366
-0.075134
0.012917
0.113464
-0.019089
-0.017471
0.001615
0.075134
0.078674
0.037567
-0.011742
-0.082764
-0.014236
0.008217
0.013504
-0.004696
0.032593
0.069702
0.052246
0.037292
0.052979
-0.043304
0.028030
-0.035675
-0.009834
0.087769
0.070435
0.062378
0.017029
0.115967
0.032440
-0.002642
-0.004696
0.041687
-0.075134
0.016739
-0.024078
-0.012772
0.052246
-0.015266
-0.041382
-0.011452
-0.125488
0.019089
0.050507
-0.029648
-0.014381
0.074402
-0.122986
0.119507
-0.051971
-0.181152
0.007195
-0.034485
0.043610
0.090576
0.043152
0.059296
-0.023483
0.126221
-0.001468
0.007927
-0.117737
0.090149
-0.022461
-0.016876
-0.033600
-0.089539
0.174561
-0.096741
0.043304
0.092163
-0.021866
0.018784
-0.246094
-0.075867
-0.054016
0.058411
0.079712
