shape: [b:2, f:128, x:1, y:1, z:1, w:1, u:1, v:1, g:1] (count: 256, addr: 0xffffaaad573bde00, original format: bfyx)
-0.089172
0.131958
-0.023712
0.049530
-0.110596
-0.012917
0.090210
0.033264
-0.156372
0.125610
0.033966
0.040527
-0.008492
-0.053436
-0.223633
0.025650
0.038940
0.192993
0.079285
-0.046722
0.014153
-0.100647
0.013268
0.061584
0.032379
0.027252
0.027954
0.122803
-0.121704
0.127808
-0.025299
-0.125854
-0.123657
-0.018051
-0.055389
-0.035553
-0.006371
0.172363
0.021057
0.060516
0.038208
0.019821
0.024948
-0.017166
0.060699
-0.005661
0.025482
-0.003185
-0.006191
0.047424
0.029022
-0.055389
-0.175171
-0.115723
0.103149
-0.008492
-0.074341
-0.096069
0.031677
0.068481
-0.030609
0.027954
-0.107056
-0.135498
0.131348
-0.206177
0.074158
0.036102
0.008492
-0.062469
0.013977
0.037689
0.011497
0.073425
-0.137329
0.029541
0.076965
0.009735
0.017517
0.056091
-0.060516
-0.005131
-0.046356
-0.020523
-0.084900
-0.140503
-0.117126
-0.001946
0.055206
-0.291992
-0.301270
-0.019470
0.049530
-0.120483
0.051849
0.020874
0.024414
0.077515
-0.125610
0.034668
0.035034
0.007607
-0.063538
0.007256
-0.022995
-0.010971
0.020706
0.079468
0.135376
0.024246
0.131348
-0.004776
0.048126
0.016281
0.126465
-0.009201
0.050598
0.010612
-0.006371
-0.214233
0.157349
0.016098
0.014153
-0.119263
0.106873
0.063904
0.064941
0.015572
0.008972
-0.023514
-0.069824
0.132935
-0.096375
-0.099792
-0.090820
0.082214
0.138672
-0.037140
-0.039825
0.060120
0.059937
-0.045593
0.002691
0.063354
-0.070557
-0.029785
-0.068359
-0.171509
0.016510
-0.204102
-0.115601
0.096558
-0.091370
-0.005920
-0.050781
0.193970
0.131226
-0.023148
-0.086487
-0.028183
-0.087585
0.035889
0.052216
0.007179
-0.103210
0.150024
0.204956
-0.020813
0.017410
0.013817
0.090820
-0.115234
-0.058868
-0.043060
-0.006104
-0.075195
0.029434
-0.003948
0.022430
0.015434
0.049530
-0.017044
-0.083801
0.028717
-0.113037
0.008080
0.008438
0.009331
-0.169189
0.037872
-0.203003
0.021896
-0.133911
0.005920
-0.106628
-0.019562
-0.183350
-0.148193
0.164062
0.013283
0.043060
-0.015610
-0.056702
0.099976
0.111267
-0.010406
0.024765
0.150513
-0.031769
-0.183594
-0.003590
0.068359
0.180542
0.191528
0.014893
0.169922
0.088684
0.009155
0.110718
-0.062988
0.019379
0.040009
0.091370
-0.132812
-0.035004
-0.001077
-0.116455
-0.078247
0.082764
0.208008
-0.070007
0.030502
0.052765
-0.097473
-0.018127
-0.035004
0.004665
-0.006104
-0.015976
0.112549
-0.025665
0.028000
-0.057617
0.016510
0.035004
-0.020645
-0.094421
0.022079
0.063904
0.039856
0.098511
0.026382
-0.028900
0.032318
-0.048462
-0.130859
