shape: [b:2, f:1, x:1, y:128, z:1, w:1, u:1, v:1, g:1] (count: 256, addr: 0xffffaaad573bde00, original format: bfyx)
-0.092163
0.005333
0.160522
0.050659
-0.110413
0.029709
0.031235
0.047974
-0.079407
0.141479
0.096741
-0.142212
0.084534
0.008186
-0.090637
-0.090088
0.079590
0.083984
-0.032745
0.152954
0.000762
-0.137695
0.084717
0.069092
-0.019043
-0.024948
-0.024750
0.149658
-0.075989
0.044739
-0.065674
0.008377
0.019806
-0.028946
-0.077332
0.008568
-0.083801
0.032166
0.011803
0.045319
-0.075195
0.091797
-0.235718
0.108521
0.010857
0.033142
-0.020187
0.055786
-0.010666
0.024567
-0.045898
-0.019989
-0.218628
-0.091797
0.125732
-0.039429
-0.009521
0.166016
-0.022659
0.013138
-0.031982
0.063049
-0.080139
-0.016571
-0.016373
-0.245239
0.075195
0.002094
0.100891
-0.162598
0.012947
0.031433
0.027222
-0.025894
0.091370
0.114441
-0.043976
0.020950
-0.024185
-0.041138
-0.012184
0.002855
0.211304
0.056549
-0.001333
-0.225586
-0.166016
0.025711
0.019608
-0.033508
-0.113098
-0.083008
0.000952
-0.080322
0.041504
-0.010284
0.120361
-0.043976
-0.092529
0.051605
0.047211
-0.079407
0.012756
0.071777
-0.048737
0.064758
-0.038269
-0.179565
0.093323
-0.004189
-0.042084
-0.003809
0.089294
0.147705
-0.026840
-0.009712
-0.059784
0.011421
0.068176
-0.165405
0.145996
-0.070068
-0.063599
-0.073120
0.105286
0.027222
-0.150635
0.158569
-0.136230
-0.049347
0.023712
-0.150146
0.041504
0.057190
-0.038361
0.032440
0.037842
-0.016052
0.163574
0.119995
-0.040985
-0.097168
0.046753
0.005405
0.019012
0.033325
-0.093140
-0.111633
-0.022156
-0.179077
0.036102
0.043945
-0.123108
-0.108643
-0.044128
-0.156738
0.044312
-0.007149
-0.125366
0.101135
-0.107605
0.095764
0.022491
0.006104
-0.108276
0.119995
0.231567
0.072571
0.059296
-0.164673
-0.031738
0.155029
-0.070984
0.009766
0.057373
-0.097168
-0.113525
-0.075317
0.101135
-0.008194
0.108154
0.079712
0.174194
0.017609
-0.003489
0.013252
0.010468
0.027374
-0.076416
0.031036
0.012733
-0.105164
-0.053192
0.034698
-0.010986
0.042206
0.030518
-0.006802
0.154175
-0.069763
-0.029816
0.017609
-0.008896
0.003662
0.165283
-0.010635
0.029999
0.082336
-0.121399
-0.000174
0.001570
0.094360
0.036987
0.157959
-0.101135
0.239136
-0.097168
-0.037140
0.111084
0.130859
-0.063660
0.010117
0.084229
0.080933
0.029129
-0.062256
-0.081970
0.072388
0.178223
0.028778
0.050232
-0.005234
0.031738
-0.015701
-0.046051
-0.144287
-0.029648
-0.000349
0.110046
0.018311
0.057373
0.191284
-0.089966
0.075195
0.070312
-0.074829
-0.014999
0.067322
-0.085999
0.003838
0.142822
-0.029480
-0.005234
-0.123657
0.140747
-0.079712
