shape: [b:2, f:128, x:1, y:1, z:1, w:1, u:1, v:1, g:1] (count: 256, addr: 0xffffaaad573bde00, original format: bfyx)
0.012428
-0.029175
0.013290
0.025024
-0.019501
0.032440
0.124817
0.046936
0.071777
0.069397
-0.082153
-0.004143
-0.062317
-0.064697
0.107178
0.089233
-0.055237
-0.079895
-0.039520
-0.071106
-0.014496
0.028656
-0.039185
-0.039337
0.124817
-0.005524
0.085266
-0.027786
-0.034851
-0.009323
0.039337
0.062469
0.005352
0.067688
-0.002071
0.067688
-0.044708
0.110291
0.006905
0.008804
0.062469
-0.012085
0.148560
-0.031403
0.038330
0.012253
-0.006557
-0.190186
-0.064697
-0.040039
-0.078003
-0.008110
0.077332
-0.041931
0.013809
-0.032959
-0.058502
-0.056091
-0.082642
-0.041260
-0.025375
0.081299
-0.013466
-0.021057
0.114441
-0.025192
-0.011047
0.132080
-0.098022
0.003971
-0.031235
0.019333
0.040741
0.230225
0.018127
0.018127
-0.316406
-0.061096
-0.019165
0.073364
0.013634
-0.099243
-0.070618
0.130005
0.196533
0.010704
0.322266
0.035736
-0.038483
0.169312
0.058502
0.021576
0.019333
0.038483
0.111816
0.028137
-0.097168
-0.011391
0.131470
0.223145
0.011047
-0.013634
0.086670
0.019501
0.017609
-0.127686
0.016052
0.029343
-0.095093
0.093384
0.209839
-0.008110
-0.004486
0.101135
-0.060760
-0.051941
0.078857
0.047302
0.012772
-0.037109
-0.050232
0.007595
0.076965
0.055237
0.119934
0.007595
0.239258
0.212769
-0.214966
-0.063538
0.010178
-0.074951
0.006783
-0.067383
-0.076172
0.022980
0.036072
-0.000463
0.190674
0.063965
0.009254
0.087402
0.025284
0.013107
0.103638
0.032074
-0.273438
0.123352
0.186890
-0.078003
-0.075073
0.004009
-0.072754
-0.194092
0.011406
0.065063
-0.024200
-0.007553
0.108704
-0.019882
-0.046112
-0.004471
0.000925
-0.001542
-0.068481
0.028061
-0.140625
-0.004780
-0.129639
0.060608
-0.051971
0.077087
-0.031616
0.035156
0.123047
-0.020813
-0.237183
-0.014183
-0.014954
-0.023895
0.031616
-0.048096
-0.016342
0.030991
0.001233
-0.019272
0.100830
-0.116089
0.138428
-0.001542
0.072937
0.170410
0.133545
-0.001542
-0.089417
-0.046875
-0.116577
-0.017578
-0.116394
0.104248
-0.056274
0.005241
0.023285
-0.007092
-0.058899
-0.011566
0.072021
-0.252686
0.199829
0.078796
-0.026215
-0.007710
0.048096
-0.129639
0.033600
0.015419
-0.037170
0.031769
0.048248
-0.044250
-0.063843
-0.003084
-0.019730
-0.263184
-0.057037
-0.005241
-0.006168
0.033752
-0.121521
0.065247
-0.016495
-0.015572
-0.031311
0.117981
0.051483
-0.016800
0.017883
-0.069824
0.073242
-0.172485
0.022980
0.217773
-0.033600
-0.003391
-0.028214
-0.021271
0.008476
-0.014183
-0.010025
0.087280
0.038696
-0.018341
0.052582
0.120911
0.094360
0.038696
