shape: [b:2, f:1, x:1, y:128, z:1, w:1, u:1, v:1, g:1] (count: 256, addr: 0xffffaaad573bde00, original format: bfyx)
0.032837
-0.083740
0.088135
-0.018433
0.003073
0.049347
0.265137
0.025925
-0.042236
0.126343
-0.034363
0.026306
-0.018631
-0.053375
0.043976
0.205933
0.115784
0.055511
-0.042053
0.013824
-0.008835
0.007683
0.068359
0.022858
0.059723
0.102539
0.023239
0.002497
-0.058777
0.082397
-0.026688
-0.081604
-0.151733
0.015945
0.012482
0.066467
-0.024384
0.146973
-0.039764
-0.036285
0.045135
0.123474
0.050690
0.070496
-0.018250
0.031677
0.160889
0.008255
-0.063782
0.026306
0.134766
-0.147827
-0.166260
-0.045898
0.101013
-0.040314
-0.097168
-0.109680
0.019775
0.048004
0.331055
-0.092163
-0.040710
0.016708
0.022476
-0.115784
0.084717
-0.049347
0.169434
-0.010368
-0.048187
-0.128418
-0.021896
0.036499
-0.055298
0.033813
0.011520
-0.115967
0.036499
-0.055695
0.048004
0.114868
0.016327
-0.233276
-0.137329
0.031494
-0.228149
-0.055878
-0.007298
-0.034180
-0.104492
-0.101807
-0.073364
0.067993
0.068970
0.100464
0.019211
0.096436
-0.058777
-0.208374
-0.014214
-0.028046
0.006336
-0.013824
0.028992
-0.081787
-0.004608
0.026688
-0.085815
-0.026688
0.053772
0.038208
-0.087158
-0.167480
-0.019592
0.004227
0.040710
-0.033417
0.048401
-0.010178
-0.041473
0.107727
-0.070496
0.007107
0.126221
-0.091003
0.037445
-0.014023
-0.040527
0.046906
-0.045685
0.007614
-0.107971
0.030594
-0.004757
0.122803
0.012512
-0.046906
-0.091797
-0.083740
-0.150635
-0.059143
-0.055481
-0.028687
0.171875
-0.062683
-0.217529
0.042969
0.192017
0.076111
0.045288
0.002720
-0.110535
-0.114624
-0.034119
-0.045807
-0.075867
-0.025833
0.033447
-0.028275
0.026642
-0.086182
-0.034119
0.018768
0.007343
-0.078064
-0.003128
-0.064697
0.046906
-0.209351
0.031403
-0.151978
-0.022705
0.167480
0.078979
0.031281
-0.177612
-0.025146
0.010742
0.068237
-0.083862
-0.005981
-0.125488
-0.042297
0.099365
-0.034393
-0.011009
0.078979
0.025558
0.008835
-0.142334
0.109558
0.094116
-0.009651
0.012917
0.078186
-0.011147
0.067688
0.036835
0.002447
0.037109
-0.011284
-0.038757
0.020264
0.008568
-0.016037
0.109985
-0.115051
0.118591
0.014275
-0.094360
-0.027740
-0.001360
0.030869
-0.017944
-0.066772
0.052216
0.043793
0.112305
-0.432129
0.016037
0.057526
-0.012512
0.226440
0.017944
-0.064697
-0.050018
-0.095154
-0.138916
0.045013
-0.004894
0.017273
-0.117737
-0.050995
0.001632
0.012779
0.005032
0.062561
-0.000000
-0.117615
0.148926
-0.139648
0.094788
-0.063110
0.012375
0.033844
-0.053284
0.032074
0.040924
-0.032501
0.066467
-0.032623
-0.114319
0.046234
0.099548
0.109863
