shape: [b:2, f:1, x:1, y:128, z:1, w:1, u:1, v:1, g:1] (count: 256, addr: 0xffffaaad573bde00, original format: bfyx)
0.060272
0.082397
-0.114380
-0.051147
-0.028122
-0.030579
-0.040771
-0.010544
0.036743
-0.186523
0.016525
0.031281
-0.002110
-0.011772
-0.079285
0.063782
0.045685
0.045166
0.192261
0.143799
-0.009842
0.038849
0.069275
0.088074
-0.059570
0.017578
-0.030930
-0.020737
0.234619
-0.108765
-0.093506
-0.126831
0.124268
0.055359
0.137939
0.007732
0.028290
-0.090698
0.033386
0.046234
-0.049927
-0.050079
-0.014412
-0.001582
0.020920
0.006329
0.176758
0.118652
-0.006680
0.057831
0.025482
0.127563
-0.114075
-0.040436
-0.036041
-0.001230
0.070312
-0.184692
0.051483
0.223389
-0.100342
0.076294
-0.163940
-0.017578
0.000351
0.081543
-0.025131
-0.075928
0.111450
-0.115662
-0.147827
-0.003340
-0.027420
0.019501
-0.033569
-0.048859
0.228271
0.048492
0.047089
-0.041138
-0.024780
-0.069946
-0.073303
0.018799
-0.078735
-0.147949
0.001758
0.007557
-0.009140
0.092957
0.195068
0.047455
-0.009491
-0.008789
-0.041656
-0.075195
-0.156616
0.139771
0.179810
-0.182739
-0.008614
-0.100891
-0.072388
0.060822
-0.035675
0.019684
0.026718
0.116333
0.134399
-0.173462
-0.001230
0.012123
-0.030930
-0.019501
0.032501
-0.050629
-0.012833
-0.045166
-0.125122
-0.070129
0.017578
-0.075928
0.067139
0.039551
0.018097
-0.100342
-0.100708
0.066589
0.106567
-0.031204
0.104370
-0.132446
-0.098511
-0.030090
0.056549
0.058899
0.095520
0.025024
-0.096924
0.130371
-0.069519
-0.036255
-0.049561
0.070496
-0.134399
-0.019318
0.139160
-0.141113
-0.009186
-0.134277
0.086304
0.004749
-0.115906
0.014252
-0.073975
0.075867
-0.025650
0.033264
-0.145020
0.041016
-0.080627
0.029770
-0.028351
0.022018
-0.113403
-0.211914
-0.147705
0.065552
0.115479
0.212891
-0.027084
-0.016785
-0.128906
0.114197
-0.031982
0.005703
-0.063354
-0.001266
0.064148
0.003326
0.045929
-0.101196
0.098206
0.041016
0.124329
0.035309
-0.050507
-0.074402
-0.115112
-0.002851
0.086487
0.068909
0.087280
0.010773
0.009659
-0.048950
0.029617
-0.014091
0.218140
-0.121948
-0.006809
0.010773
0.049103
0.096313
-0.223267
0.018372
-0.023285
0.159668
-0.035645
-0.175659
0.006336
0.027405
-0.094238
-0.095825
0.088379
0.150635
-0.104980
-0.035004
-0.234985
-0.152344
-0.101379
0.006809
0.031830
-0.084717
-0.031982
0.088501
-0.092163
0.134155
-0.104492
0.029297
-0.001108
-0.009346
0.005703
0.114197
0.025650
0.117188
0.083923
-0.073486
-0.039581
0.023285
0.099609
-0.024384
-0.148193
0.043243
0.020584
0.050842
0.023758
-0.057007
0.054321
-0.057495
0.011719
-0.009979
-0.063049
-0.029617
0.018051
-0.006969
