shape: [b:2, f:1, x:1, y:128, z:1, w:1, u:1, v:1, g:1] (count: 256, addr: 0xffffaaad573bde00, original format: bfyx)
-0.102356
0.032166
0.051483
0.001237
0.176147
0.048401
0.081787
0.022430
-0.092163
0.016083
-0.033417
-0.007267
-0.052124
0.036346
0.126709
0.023193
0.049500
-0.033722
0.047333
-0.010826
0.034332
0.046844
0.008507
0.086731
0.151855
-0.022583
-0.059387
-0.047638
0.006496
-0.285889
0.001237
-0.048553
0.016541
-0.039734
-0.069275
-0.124939
0.026901
-0.024277
-0.015312
-0.107300
0.074707
-0.013916
-0.006649
-0.102844
-0.016083
-0.075439
-0.131348
-0.007576
0.059845
-0.008659
-0.021500
-0.006031
0.008041
0.172485
0.018250
-0.001391
-0.110413
0.170288
0.005566
-0.265381
-0.122803
0.053802
-0.097717
-0.019485
-0.065552
0.102966
-0.089233
-0.139038
0.201660
0.023346
0.248413
-0.074219
-0.079163
-0.053986
-0.125854
0.122925
-0.012833
0.022736
0.012215
-0.014694
0.074829
-0.021347
0.098206
-0.016861
-0.213989
0.103333
-0.058289
-0.206299
0.024750
0.003403
-0.144531
0.006958
0.003557
-0.070679
0.016083
0.003094
-0.077637
0.073486
0.106995
0.112915
0.032166
0.084717
-0.023819
0.006649
0.066162
0.140625
0.025513
0.125732
-0.052887
0.059998
0.090454
0.018860
-0.033722
0.104675
-0.042542
0.061249
-0.059692
-0.021500
-0.091064
-0.080261
-0.003248
-0.040039
0.056610
-0.146240
-0.043915
-0.108887
-0.052734
-0.138672
0.123291
0.043823
-0.171021
0.111633
-0.067444
-0.121460
-0.079895
0.127930
-0.012619
-0.061798
-0.088135
0.090881
0.116455
-0.023300
0.040283
-0.048218
-0.083313
0.052094
0.168091
-0.080688
-0.346191
0.064697
0.021347
0.026047
0.036560
0.121155
-0.067749
-0.113220
-0.065002
-0.014236
-0.055145
-0.003881
-0.085083
-0.025070
-0.006145
0.106262
-0.047241
-0.000485
-0.000324
-0.051605
0.073425
-0.158325
0.202393
-0.102905
0.044006
-0.057098
-0.020218
0.001132
0.015854
0.003073
-0.074402
0.036560
0.037842
-0.161621
0.015526
-0.056946
-0.001456
0.040924
-0.059204
0.086243
-0.098816
0.028152
-0.186035
-0.028793
-0.171021
-0.047394
-0.070190
-0.000970
-0.195435
0.012939
-0.051758
0.084106
0.079773
-0.018600
0.052887
-0.245972
-0.028961
0.043030
0.039154
-0.018448
-0.144165
0.006794
0.000647
0.028473
0.181152
-0.043182
0.008087
0.050293
0.048370
0.027176
0.023621
-0.048859
0.016174
-0.065674
-0.059052
0.035278
0.033478
0.055328
0.070557
0.040924
0.127441
-0.073730
-0.009705
0.048218
-0.074097
0.067932
-0.055481
-0.156128
0.031219
0.077148
0.075867
-0.157593
-0.063904
0.087830
0.070068
-0.055328
-0.032684
-0.013100
0.002913
-0.039154
-0.088013
0.129761
0.166016
0.013588
0.024582
-0.144165
0.047882
0.016342
