shape: [b:2, f:128, x:1, y:1, z:1, w:1, u:1, v:1, g:1] (count: 256, addr: 0xffffaaad573bde00, original format: bfyx)
0.116638
0.071167
-0.104492
-0.130371
0.102112
0.053802
0.051300
0.006786
0.044342
-0.007416
0.039917
0.016891
-0.018143
0.044342
0.032990
-0.062805
0.055084
0.036621
0.162231
0.101318
0.005680
-0.035522
0.044495
-0.056976
-0.118530
0.071350
0.023193
0.049225
-0.018936
0.298096
0.052704
-0.039612
0.065308
-0.009628
-0.023041
0.021469
0.013260
-0.287598
-0.069763
0.133179
0.037872
0.077637
-0.046875
-0.117249
-0.104919
-0.035339
-0.059967
-0.078430
-0.033630
-0.035980
-0.018143
-0.028091
-0.028717
0.084290
0.050018
0.014359
-0.051300
-0.123230
0.108765
0.171753
0.078613
-0.030136
-0.095154
-0.024307
-0.182373
-0.004894
0.091064
0.030930
-0.034088
-0.012787
0.065979
-0.034393
-0.091553
-0.115540
0.010414
0.094849
0.270264
0.009155
-0.083191
0.079712
-0.059662
-0.078918
0.079407
0.108398
-0.017517
-0.003471
-0.101013
-0.135132
0.026520
-0.141357
-0.001263
0.043091
-0.004578
-0.025574
-0.065796
-0.066589
-0.149780
-0.099121
0.145630
0.072571
-0.080017
-0.022568
0.023193
-0.034576
0.004894
0.192993
-0.058380
0.001104
0.104980
-0.154175
-0.057434
-0.020523
-0.031708
0.102905
-0.043243
0.057770
-0.046875
0.034729
0.016891
0.073364
-0.112976
-0.008362
-0.068481
-0.250244
0.074646
0.016891
0.024139
-0.051300
0.036652
0.107971
-0.028168
-0.148193
0.079163
0.152588
0.093018
-0.065796
-0.059113
0.077209
0.112732
-0.005699
0.144653
0.010094
-0.003258
-0.118042
0.039581
0.013519
0.011238
-0.171997
0.286621
-0.092163
-0.216431
0.152466
-0.115601
0.075256
0.010590
-0.098389
0.001303
-0.017426
-0.045441
-0.052765
-0.151123
-0.076050
-0.011238
0.106201
0.152466
0.130615
0.112061
-0.016937
-0.010422
-0.135620
-0.008469
0.155029
-0.087158
-0.053894
0.047394
0.030136
-0.091858
-0.037140
0.087646
0.030289
-0.180420
0.071838
0.142822
0.035004
0.169678
0.069214
0.038757
0.002932
-0.129272
-0.045929
0.057495
-0.129639
-0.095459
-0.061249
0.068542
0.020844
0.203613
0.051300
-0.025726
0.049988
0.028015
-0.011238
-0.021179
0.141235
-0.085022
0.042664
0.125732
0.076233
0.166504
0.166138
-0.039886
-0.052612
-0.162964
-0.003094
0.019211
0.029312
0.081909
0.033722
0.003420
-0.001140
0.000978
-0.050812
0.049683
0.028824
-0.004723
0.019547
-0.119202
0.016281
-0.021667
0.007656
-0.019058
-0.030457
0.053101
0.034027
0.025406
-0.023941
-0.052277
-0.026062
-0.161865
-0.016617
0.059601
-0.025085
0.073303
0.011398
-0.011398
0.048706
0.008629
-0.076843
0.017593
-0.075073
-0.061737
0.010750
0.001303
-0.153931
0.085815
0.088623
