shape: [b:2, f:128, x:1, y:1, z:1, w:1, u:1, v:1, g:1] (count: 256, addr: 0xffffaaad573bde00, original format: bfyx)
0.060974
0.038116
0.051819
0.069458
-0.133057
-0.081909
0.066956
0.052124
-0.059235
-0.008034
0.025681
0.022217
0.021103
0.002363
-0.028351
-0.142090
-0.107239
-0.040314
0.030396
0.026932
0.000945
-0.053253
-0.032776
0.006775
0.046295
0.095459
0.017487
-0.035431
0.210327
0.059845
-0.026154
0.109802
-0.110413
0.036530
-0.048676
0.035126
-0.030869
0.083496
-0.022049
0.002520
-0.020325
-0.025681
-0.005356
0.012444
0.024261
-0.105225
0.115479
-0.095154
0.020798
-0.039703
-0.012444
-0.006615
-0.059692
-0.113403
0.016693
0.093079
-0.047424
-0.005829
-0.167603
-0.099060
0.044586
-0.088867
0.036865
0.055908
0.117065
-0.337646
-0.121765
-0.097046
0.026932
0.048370
-0.036072
-0.026459
-0.023941
0.011971
-0.033386
0.076233
-0.127563
-0.012131
0.100342
0.037964
0.036865
-0.084900
0.041107
0.096863
0.036224
-0.159912
0.095154
-0.088196
-0.040161
-0.130127
-0.039703
0.026627
0.043640
0.071045
0.074951
0.014336
-0.082703
0.059845
-0.221802
-0.085510
0.014175
-0.079529
-0.153076
0.013229
-0.016068
0.028030
0.026627
0.078918
0.306885
-0.003780
0.134155
0.015915
0.029617
0.076843
0.191406
-0.080322
0.032288
-0.040314
-0.068054
-0.194214
0.074829
-0.067078
-0.040314
0.187744
0.059692
-0.003307
-0.066162
-0.193848
0.141968
-0.062561
-0.031433
0.068970
-0.123779
0.062561
0.046112
-0.179565
0.101868
0.022079
-0.012085
0.137451
-0.048187
0.022568
-0.040283
-0.009026
0.180420
-0.035767
-0.058838
0.056091
0.030457
-0.132202
0.059967
-0.104736
0.038513
0.006447
0.006287
0.180542
0.044800
0.010155
-0.159424
0.102356
-0.137817
-0.019348
0.020798
0.132812
0.027725
0.039001
-0.032227
-0.057709
0.031921
0.149292
0.104797
-0.014183
0.006607
-0.105225
-0.012413
-0.030457
0.034485
-0.059967
-0.024658
0.048523
0.159790
-0.005318
-0.131470
0.040131
-0.211182
0.114258
-0.093994
-0.016434
0.059143
0.042236
0.130737
0.010315
0.003708
-0.018539
0.034821
0.110718
-0.153564
-0.193604
0.027725
0.207886
-0.025299
0.003063
-0.046265
-0.075745
-0.028854
-0.005318
-0.084473
0.026276
0.098145
0.041260
-0.008217
-0.069458
-0.023056
-0.024979
0.021118
0.076050
0.002741
-0.069946
-0.028214
0.270264
0.093018
0.023056
0.025787
0.355225
0.021759
0.098145
-0.003063
-0.043854
-0.132446
-0.031281
0.045776
0.042389
-0.056732
0.041107
0.011765
0.044006
-0.097656
0.001934
0.151855
-0.029007
-0.098450
-0.091370
-0.039001
-0.007416
0.025146
-0.004673
0.026917
-0.046906
0.070251
-0.023056
-0.158569
-0.002741
0.005482
-0.004353
0.032562
-0.004353
