shape: [b:2, f:1, x:1, y:128, z:1, w:1, u:1, v:1, g:1] (count: 256, addr: 0xffffaaad573be000, original format: bfyx)
0.047638
0.001174
-0.027008
0.018784
0.000839
-0.236694
0.172485
0.045471
-0.085205
-0.018616
-0.015266
0.082520
-0.048645
-0.176147
-0.039581
0.053009
0.113098
0.291992
-0.033386
0.025833
0.056885
0.002180
0.006710
0.043121
-0.077515
0.016785
-0.025665
-0.062408
-0.047821
-0.217285
-0.086243
0.023483
0.082031
-0.038239
0.068787
0.073120
0.032379
-0.020294
0.065796
-0.080383
-0.092468
-0.009392
-0.057220
-0.030533
0.045807
-0.022476
-0.052185
-0.206909
-0.098816
-0.136841
-0.010399
-0.082520
-0.021805
0.011574
-0.014259
0.033569
0.011070
-0.037567
0.002516
0.013252
0.010902
-0.067444
-0.042603
0.006039
-0.049652
0.006374
-0.107178
0.021637
-0.003691
-0.017944
0.030365
-0.004696
0.357422
0.022141
0.034241
-0.022980
-0.039093
-0.101990
-0.023651
-0.020798
-0.004196
0.019119
0.039246
0.058563
0.089783
-0.006710
0.082214
0.066956
-0.006710
0.129883
-0.083069
0.071655
0.052521
0.004864
-0.003355
0.245850
0.129517
0.100525
-0.061584
-0.066956
-0.052185
-0.154663
-0.212036
0.146240
-0.020966
0.001342
-0.206665
-0.011909
0.025330
0.036560
0.047974
-0.084229
0.037415
-0.006374
-0.006710
-0.088562
0.060913
0.028854
0.021133
-0.029358
-0.246460
0.012749
0.018951
-0.020462
0.050323
0.043457
0.068481
0.041107
0.002394
-0.134277
-0.022339
0.070618
0.111938
0.111145
-0.230835
0.003391
-0.023544
-0.095581
0.023941
0.035919
-0.181519
-0.063843
0.024139
-0.026337
-0.013969
0.001396
-0.147461
-0.047089
0.016953
0.058655
0.111755
-0.014168
-0.061249
0.008179
0.020157
-0.012367
0.088196
0.062622
-0.081970
-0.075195
0.044495
0.018356
-0.010376
0.037109
-0.046295
0.055878
-0.176392
-0.057648
0.082397
-0.098755
-0.023148
0.048889
-0.064819
0.113098
0.130493
-0.035522
0.075439
0.106140
0.040894
0.017151
0.225708
-0.000598
0.041687
-0.011772
-0.050690
-0.037720
0.098755
-0.225586
-0.018753
0.035706
0.165161
-0.041107
-0.054260
0.067261
0.111755
0.068420
0.041901
0.039917
-0.260986
0.039917
0.072632
0.002792
-0.103760
-0.043701
-0.033508
-0.211426
0.185791
0.052856
-0.001995
0.069458
0.057251
0.007980
-0.022751
-0.028534
0.022552
-0.026932
0.013565
0.068848
0.052460
0.061249
-0.016754
0.128906
0.176514
-0.055267
-0.062866
-0.021744
-0.062866
0.004189
0.239868
0.015762
-0.058258
0.065247
0.071411
-0.157837
-0.057251
0.029922
0.094360
-0.198853
0.050476
-0.006783
0.070801
0.072998
0.146606
-0.088806
0.042908
-0.046478
-0.025742
0.047485
-0.000000
-0.016357
-0.089600
0.033722
0.034729
-0.058655
-0.042694
0.143311
