shape: [b:2, f:128, x:1, y:1, z:1, w:1, u:1, v:1, g:1] (count: 256, addr: 0xffffaaad573be000, original format: bfyx)
0.116272
-0.263428
0.028763
0.061340
0.065857
0.057709
-0.072815
0.005825
-0.076233
-0.026215
0.076233
-0.099731
0.160767
0.228027
-0.029480
-0.102112
0.188232
0.088806
-0.033112
-0.009827
-0.003639
-0.062439
0.079895
0.084473
-0.099731
0.050415
-0.112854
0.040588
0.051331
0.110840
0.017288
-0.003822
-0.176147
-0.022934
-0.030945
-0.045868
-0.099182
0.043121
-0.079712
-0.133789
0.092468
-0.097900
-0.012924
-0.008369
-0.062805
-0.001274
-0.012741
0.029297
-0.066040
-0.190186
-0.025482
0.151123
-0.062256
0.083557
0.006371
0.009460
-0.062805
0.036407
0.013107
-0.067139
-0.080994
-0.021652
-0.051697
0.141479
0.012558
0.083374
-0.033478
0.106445
0.022018
0.195679
0.038208
-0.008186
0.159424
0.083374
-0.102112
0.033478
-0.042603
-0.072998
0.056061
-0.130615
-0.051697
-0.073364
0.180542
-0.008186
-0.139648
-0.033844
-0.104675
0.073181
-0.010918
0.089722
-0.089905
-0.035309
-0.103577
-0.022751
-0.025665
-0.057159
0.145996
-0.004551
-0.002913
0.111755
-0.046967
0.065186
0.000182
-0.010193
-0.226074
0.115967
0.049683
-0.063904
0.021652
0.052429
-0.080811
-0.054230
0.077881
0.091187
0.011467
0.003094
0.000910
-0.022568
-0.030762
-0.124878
-0.084106
0.129761
-0.176392
0.045868
0.041870
-0.110840
-0.081543
-0.022018
-0.049225
0.054108
-0.159546
-0.031525
-0.026917
0.276367
-0.319092
-0.008507
0.002232
0.005997
0.012688
-0.019669
-0.076538
-0.058289
0.047272
0.025940
0.010597
-0.011993
0.029419
0.134644
0.025803
-0.066223
0.033478
0.040039
0.033478
-0.040710
-0.011711
-0.017578
-0.034576
0.040161
-0.028732
0.145020
0.040588
-0.003765
0.027191
0.011856
0.061768
-0.048401
0.176270
-0.056763
-0.062347
-0.025665
0.016876
-0.060394
0.023422
0.147461
0.017288
-0.066223
0.012550
0.021484
0.040863
0.036530
0.013390
0.005020
0.057312
-0.017014
0.114502
-0.035828
0.004883
0.135620
0.036957
-0.047150
0.022171
-0.000837
0.011993
0.060516
-0.203613
0.107361
0.033875
-0.078247
-0.038483
0.028732
-0.005718
0.021759
-0.036255
0.044769
0.035431
-0.099182
-0.023987
0.031097
0.026917
-0.051178
-0.036804
0.037506
0.067078
0.032898
0.017288
0.009766
-0.012413
-0.181152
0.030685
0.005440
-0.024124
-0.239990
-0.021759
0.015762
0.015198
-0.180298
0.020920
-0.240356
0.103333
-0.022598
-0.053009
0.038910
0.077515
0.134033
-0.013947
0.039185
0.015480
0.057587
-0.118835
0.301270
0.026505
0.075012
0.053986
0.336182
0.004322
-0.157837
0.006554
0.016174
-0.020645
-0.020645
0.011017
-0.138306
-0.044769
0.006832
0.012131
-0.027054
