shape: [b:2, f:128, x:1, y:1, z:1, w:1, u:1, v:1, g:1] (count: 256, addr: 0xffffaaad573bde00, original format: bfyx)
-0.091431
-0.016617
-0.089111
0.103027
-0.084778
0.038391
-0.135620
-0.022766
0.073608
-0.061829
0.091614
0.076294
-0.066650
0.063354
-0.010139
0.168701
-0.021439
0.173584
-0.082092
0.013962
-0.009308
0.124146
0.126221
-0.054504
-0.007149
-0.052521
0.067993
-0.262695
-0.026932
0.188843
0.007645
-0.229736
0.069458
-0.007313
0.052521
0.012962
0.067139
-0.133667
0.050354
-0.001662
0.008476
-0.095764
-0.094421
-0.250000
-0.004986
-0.036224
0.089111
0.013794
0.036896
-0.032257
-0.006981
0.097717
0.097595
-0.066345
0.110840
-0.231201
-0.007313
-0.107544
-0.029922
-0.064819
0.071777
-0.007313
-0.038055
-0.115540
0.119324
-0.130371
-0.082764
0.072449
0.035248
-0.052032
0.169556
0.120361
0.072998
-0.162354
0.116699
0.122498
0.053345
0.009308
-0.023773
0.041046
-0.000166
-0.031586
-0.084595
0.037567
0.044891
0.010971
-0.004486
0.049194
-0.000665
0.218628
0.098389
0.096558
0.083618
0.060516
0.027924
-0.136597
-0.114685
0.023102
-0.045197
0.039551
-0.001329
-0.051514
0.026764
-0.081299
0.013794
-0.013962
-0.041718
0.023438
-0.146606
0.076111
0.019119
-0.038727
-0.015129
-0.020447
0.066467
-0.025604
-0.091614
0.046722
0.086914
-0.042542
0.048370
-0.028915
0.122498
0.013298
-0.011467
-0.001496
0.074463
-0.141724
0.103271
0.028809
0.063110
-0.073669
-0.000472
-0.024567
0.038727
0.103577
-0.044403
-0.039673
0.102478
-0.060944
-0.126099
0.045807
0.057953
-0.045013
0.068359
0.018417
0.152832
0.075867
0.069092
0.080933
0.056519
-0.015587
0.051788
0.040619
0.026917
-0.122498
0.045197
0.018112
0.005196
-0.088806
-0.092285
-0.008347
-0.008659
-0.093506
-0.120422
0.051788
0.006454
-0.091187
-0.106140
0.139282
-0.092590
0.192505
0.036835
0.106140
-0.083740
0.033234
0.188110
0.003149
0.053375
0.060944
-0.051788
0.045502
-0.133667
0.022354
-0.084412
-0.046600
0.085510
-0.093384
-0.030380
0.020309
0.065674
-0.011177
-0.173706
0.006611
0.028976
0.018112
0.155029
-0.123108
0.103149
-0.052734
0.054626
0.002991
-0.044250
0.079834
-0.123718
0.067200
0.003149
0.006771
0.187256
0.005512
-0.080627
0.102051
-0.025665
0.040161
0.056213
-0.121704
-0.113831
-0.050079
-0.074768
-0.156006
-0.018112
0.122803
0.047089
0.230713
0.078857
-0.053528
0.007874
-0.033234
0.174927
0.042023
0.067688
-0.012909
-0.070557
0.007244
0.037933
-0.054016
0.022202
-0.022827
0.052124
0.248413
0.157349
0.117920
0.141357
-0.124878
0.005669
0.014328
0.008186
-0.038269
0.051178
0.076843
0.141602
0.008659
-0.061249
0.145142
-0.213745
-0.093018
