shape: [b:2, f:1, x:1, y:128, z:1, w:1, u:1, v:1, g:1] (count: 256, addr: 0xffffaaad573be000, original format: bfyx)
-0.027832
-0.027832
0.064514
0.055145
0.070984
0.054443
0.040192
0.043488
0.000870
-0.005566
0.091980
-0.075500
0.015823
0.203125
0.027832
0.076355
-0.088196
0.029907
-0.124512
0.011826
-0.011307
0.153564
0.107849
-0.012520
0.212891
0.027481
-0.096680
0.052887
-0.033569
0.211792
0.180054
0.047821
-0.005219
-0.105713
0.218750
-0.068359
-0.038788
0.023651
-0.035828
-0.083679
-0.093018
0.135620
0.144653
-0.044189
-0.034424
0.080688
-0.048859
-0.096008
-0.329102
0.016876
0.037231
0.061584
-0.054626
-0.055817
-0.046600
-0.036530
-0.127319
-0.080688
0.027481
0.007477
-0.155151
0.066589
-0.025742
0.102295
-0.029037
-0.098938
0.012177
0.047485
-0.065552
0.144531
-0.036530
-0.021912
0.085754
-0.049042
0.179443
0.023300
0.042084
0.086609
-0.065369
-0.019485
-0.044861
-0.142212
0.074951
0.033386
-0.021561
-0.039642
-0.105225
-0.010086
0.078064
0.086609
0.126465
-0.006958
0.098938
-0.019653
-0.031647
-0.013046
0.073059
0.037231
0.087830
-0.019485
-0.028702
0.079651
-0.168823
-0.160645
0.067139
0.074463
-0.086792
0.024704
-0.019485
-0.102112
0.137939
0.029739
0.002783
-0.122986
0.013741
0.040344
0.044525
-0.057556
-0.039825
-0.118286
0.144897
-0.005390
-0.024704
-0.011826
-0.056183
-0.009392
0.144043
0.019135
0.091187
-0.190796
0.016434
-0.062195
0.060730
0.025284
-0.045227
-0.042084
0.012733
-0.026581
0.007381
-0.017349
0.006828
0.009232
-0.033051
0.026398
0.045593
0.000738
0.038757
0.008308
0.019012
0.058868
0.329590
0.050201
-0.080627
0.072510
-0.088196
0.038757
-0.025101
-0.047791
-0.054443
0.001292
0.021591
0.041901
-0.090454
0.034698
0.209351
0.149536
0.254883
-0.025833
0.029907
-0.144897
0.025284
0.113708
-0.016052
0.136230
-0.007381
0.031372
0.045227
0.017349
0.048370
0.098022
-0.076233
0.027496
-0.018082
-0.012550
0.042999
-0.006275
0.035980
-0.098206
-0.008118
-0.043182
0.033966
0.006828
-0.031189
-0.024185
0.054810
-0.244873
-0.003691
-0.016235
-0.130615
-0.052795
0.018082
-0.002769
0.061646
-0.151855
0.084167
0.079895
-0.055542
-0.075134
0.034149
-0.012733
0.111877
0.127197
-0.025833
0.029526
0.010338
-0.054626
-0.022705
0.268799
-0.027313
0.116455
-0.090271
-0.231567
-0.017715
0.013840
-0.034698
0.170532
0.029709
0.029526
0.008858
-0.025467
0.218384
0.023621
-0.145752
0.222412
0.028793
-0.041351
0.064575
-0.166626
0.022888
0.059814
-0.076599
-0.016052
-0.070862
-0.106506
0.085815
0.016983
0.040222
0.037842
0.003323
-0.043549
0.002029
0.001476
-0.025284
0.108154
0.044312
-0.020493
