shape: [b:2, f:1, x:1, y:128, z:1, w:1, u:1, v:1, g:1] (count: 256, addr: 0xffffaaad573be000, original format: bfyx)
0.030869
-0.116821
0.102173
-0.056488
0.075134
-0.093079
0.160767
-0.144165
-0.043915
-0.036591
0.070679
-0.011459
0.026413
-0.114868
0.002228
0.042328
0.016235
-0.057922
-0.122681
-0.016708
0.011459
0.205566
0.013840
0.080200
0.103271
-0.015434
0.004772
0.075562
-0.059509
0.126709
-0.080811
0.003979
-0.098022
0.130493
-0.040588
-0.030548
-0.069702
-0.004932
-0.104553
0.104248
-0.041046
-0.070984
0.086731
0.073669
-0.032776
0.052338
-0.010506
-0.043610
-0.152222
0.023544
-0.011299
-0.063782
0.025146
0.135376
-0.015915
-0.018143
-0.068726
0.000159
-0.011612
-0.040894
-0.225952
0.070679
-0.055847
-0.048859
-0.023544
-0.024185
0.090088
0.059998
0.097046
0.283691
0.147217
0.009071
-0.040894
0.052185
0.031494
-0.120422
0.120911
-0.030716
0.093567
-0.044556
-0.053467
-0.083557
-0.070496
-0.076843
-0.101685
0.017670
0.151367
-0.009705
0.136475
-0.021164
-0.096558
-0.035950
0.031677
-0.035492
-0.032623
0.173706
0.145020
0.017349
0.019730
0.315430
-0.107544
-0.031677
-0.008591
0.078735
-0.127319
0.034058
0.114746
-0.081299
-0.017975
0.064575
-0.086243
0.092590
-0.130493
-0.037384
-0.041199
0.005409
0.057129
-0.067322
-0.065063
0.005253
0.101196
0.173706
-0.115173
0.058563
0.002228
-0.053955
0.019577
-0.021484
0.003695
0.058075
0.060699
0.011612
-0.076355
0.349121
0.152710
0.054199
0.011787
0.042755
-0.008095
-0.122803
0.007744
-0.094849
-0.020584
-0.031494
-0.009323
0.014252
0.140991
0.160278
-0.029907
-0.035553
-0.019363
0.022705
0.011612
-0.011612
-0.044342
0.004929
0.006336
-0.033600
-0.045929
-0.139038
0.039764
-0.180908
-0.015312
0.098877
0.129883
-0.214844
0.352051
0.029907
0.051910
-0.049438
0.049286
0.002111
0.051727
-0.085510
0.023575
-0.071106
0.022705
0.051544
0.021637
-0.019714
0.184570
0.006512
0.050323
-0.000528
-0.055603
-0.055420
-0.088501
0.094116
0.039246
0.048218
-0.044006
-0.037292
0.024460
-0.039429
0.031677
-0.162231
0.079712
0.021286
0.154907
0.033783
0.056305
-0.042053
-0.038177
-0.030975
-0.027267
-0.071106
-0.032379
0.100098
0.023926
0.028336
0.136353
0.040131
0.072693
-0.010208
0.033966
0.002464
-0.023224
0.044708
0.073914
0.064209
-0.029556
-0.081848
-0.045929
-0.061768
-0.029037
0.187988
-0.042572
-0.114197
-0.034851
0.124939
-0.065125
-0.003344
-0.094482
0.200195
0.010735
0.036774
0.024994
-0.117920
-0.007214
0.242310
-0.007389
0.105225
0.079163
0.037994
0.037140
0.039246
0.109131
0.049103
0.034302
-0.032562
0.061401
-0.114746
-0.033447
-0.091309
0.064392
0.084839
