shape: [b:2, f:128, x:1, y:1, z:1, w:1, u:1, v:1, g:1] (count: 256, addr: 0xffffaaad573be000, original format: bfyx)
0.129028
-0.013496
-0.028793
-0.024826
-0.051636
0.069641
-0.049316
0.038147
-0.003960
0.018356
0.040497
0.027344
-0.002878
-0.333984
-0.085449
-0.005219
-0.023758
0.147583
0.099121
-0.008820
0.017807
-0.015114
-0.033295
-0.057037
0.000540
-0.066956
-0.116211
0.016739
-0.090515
0.071960
0.027176
0.010796
-0.030594
0.139771
-0.119507
0.075012
0.023758
-0.042633
0.044983
-0.179077
0.086914
-0.257568
-0.077026
0.014214
0.036163
-0.050018
-0.017090
0.024826
-0.016190
0.065308
-0.045715
0.229370
0.049835
0.065857
0.008995
0.023026
-0.059753
0.026093
-0.056152
-0.009537
0.077759
0.007557
0.047333
-0.085266
-0.078796
-0.116760
0.041565
-0.134766
-0.146606
0.044098
-0.105286
-0.006119
-0.113342
-0.049652
0.053986
-0.085999
0.031677
0.070374
-0.095520
-0.018707
0.021957
-0.014038
-0.017456
-0.152222
-0.071960
-0.037262
-0.140137
0.064209
-0.116394
0.001619
0.257324
0.014397
-0.006836
0.056335
-0.006477
0.052917
-0.028244
-0.012955
0.084961
-0.131348
0.060272
-0.020157
0.011337
0.122375
0.087463
0.169189
0.051636
0.006477
0.002520
0.050568
0.029510
-0.098450
0.054352
0.060455
0.207886
0.126343
0.053619
-0.117310
0.036163
-0.119324
0.073059
-0.014397
-0.036530
0.053436
-0.086731
-0.135132
-0.203735
-0.014938
0.070435
0.021393
0.206177
-0.046844
-0.011620
0.242065
-0.028595
0.011803
-0.048126
-0.037445
-0.043701
0.058289
-0.155151
0.173706
0.071960
-0.000184
0.083740
-0.006824
0.063293
0.015671
-0.071411
-0.038910
0.141602
0.032837
0.032471
-0.118042
0.006271
-0.011803
-0.017151
0.031921
-0.042603
-0.135376
0.016235
-0.026001
0.054962
0.004795
-0.221558
0.064575
-0.283447
-0.054413
0.008667
-0.013649
0.007378
0.107910
-0.061066
0.022141
-0.044098
0.097229
0.042786
0.042969
0.008118
0.023972
0.114380
0.024719
-0.015312
-0.056824
-0.028595
-0.070251
0.053314
0.035797
0.015869
-0.065857
-0.086670
-0.091309
-0.001475
-0.003136
0.062500
0.121582
-0.036163
-0.049438
-0.081909
0.169556
-0.116943
-0.001106
0.095520
0.080261
-0.066772
-0.147583
0.053497
-0.020660
0.052948
0.010330
0.054413
0.070251
0.108459
0.041687
0.019547
-0.094604
0.076538
-0.118591
-0.024719
0.030807
-0.066772
0.106628
-0.096252
0.005165
-0.019547
0.000738
0.026382
-0.070251
-0.011253
-0.021942
0.030807
-0.027847
0.283447
-0.258057
-0.056244
-0.043152
0.036896
0.146240
0.008118
-0.030243
0.026001
-0.065491
0.203247
0.044098
0.084839
0.161621
0.077271
0.043701
-0.166504
-0.019180
0.019180
0.128540
0.014015
0.073608
0.015312
0.070068
