shape: [b:2, f:128, x:1, y:1, z:1, w:1, u:1, v:1, g:1] (count: 256, addr: 0xffffaaad573be000, original format: bfyx)
0.017380
0.083496
0.274170
-0.174072
0.040436
0.085083
-0.072510
0.085266
-0.060455
-0.014542
0.012947
0.043610
-0.001242
-0.103882
-0.167725
-0.154297
-0.069519
0.041656
-0.090637
0.006207
0.019684
0.128174
-0.056213
-0.003901
-0.107788
0.005672
0.059570
0.009933
0.033691
-0.104797
0.092407
0.090454
0.191284
0.045563
-0.020752
-0.135132
-0.025177
0.011703
0.017197
-0.115234
0.053741
0.054443
-0.088806
0.008331
0.004612
-0.023758
0.039551
0.018616
-0.028900
0.071655
-0.015068
-0.073792
-0.027832
0.066345
-0.008156
0.096436
-0.054962
0.074463
-0.002659
-0.016846
0.102295
0.055145
-0.035645
-0.103210
0.109436
0.104065
0.157471
0.007626
0.115417
-0.037231
0.078735
-0.065979
0.032104
-0.039368
-0.000532
-0.054443
-0.034058
0.023056
-0.079773
-0.144531
0.094360
-0.054626
-0.035980
0.017914
-0.023941
-0.012238
0.159790
0.029785
-0.027832
0.059937
-0.026245
0.043976
0.064514
0.075867
0.020920
0.042023
0.356201
-0.004787
-0.263428
0.001242
-0.220581
0.101929
-0.112610
0.062073
0.050903
0.112976
-0.106567
-0.034210
0.009399
0.015961
-0.095398
0.094482
0.095398
0.007271
0.002659
0.027664
0.067566
-0.055145
-0.017548
0.096985
0.201660
0.019150
0.055145
-0.092896
-0.056732
-0.023758
0.019501
0.017197
0.002733
-0.091553
0.156860
-0.004272
0.012131
-0.033478
-0.138672
0.006832
0.011444
0.035034
-0.056213
-0.031616
0.056702
0.069031
-0.014862
-0.006149
-0.012810
-0.012642
0.005978
0.048859
0.015373
0.067322
-0.051239
0.029205
-0.035858
0.099426
0.077209
0.048859
0.015549
-0.038269
-0.008545
0.090698
-0.021011
-0.253174
-0.111877
0.036224
0.031250
0.204956
-0.216919
0.068359
0.075134
-0.000171
-0.040649
-0.053131
-0.053131
-0.117676
0.249023
-0.110535
-0.104370
0.065247
0.052795
0.004784
0.021179
-0.021011
0.077393
0.011444
-0.015717
0.050903
-0.051575
-0.078735
-0.077576
-0.016235
0.080811
-0.027679
0.048004
0.001708
-0.119080
0.070740
0.068359
0.018784
-0.211182
-0.099609
-0.126709
-0.006321
-0.060974
0.171143
0.062866
0.248413
0.187622
0.043213
-0.048859
0.016052
0.154785
-0.110352
0.004272
-0.018280
-0.022888
-0.039276
0.027847
0.046631
-0.009735
-0.036041
0.008202
0.105225
-0.026138
0.070923
0.085266
-0.256592
-0.029205
0.105896
-0.100769
-0.021011
0.164307
0.097046
-0.073425
-0.169067
0.025620
-0.068359
0.107300
-0.032623
0.095154
0.007687
-0.038940
-0.046967
-0.053131
-0.085388
-0.011620
-0.019638
0.096497
-0.063538
-0.073120
-0.013153
0.121643
-0.166382
0.033813
-0.030579
-0.033661
0.021011
