shape: [b:2, f:1, x:1, y:128, z:1, w:1, u:1, v:1, g:1] (count: 256, addr: 0xffffaaad573bde00, original format: bfyx)
-0.046204
0.024399
-0.034729
0.105347
-0.075623
-0.008080
-0.145142
0.044434
0.052673
0.090149
0.089355
-0.024719
0.012444
0.048950
-0.100037
0.016968
0.021820
-0.112305
-0.103088
-0.003555
-0.015511
-0.049622
-0.003878
0.037018
0.186768
-0.040405
-0.139404
-0.119263
-0.144165
0.105835
-0.032166
-0.169800
-0.143433
0.001778
-0.043793
-0.042969
0.016647
0.093262
0.100037
0.024719
-0.070435
0.093384
-0.042816
-0.008080
0.043793
0.007919
0.098267
-0.229492
-0.047516
-0.013252
-0.152588
0.003071
-0.202515
-0.047333
0.173584
-0.022629
0.021011
-0.000485
-0.079041
0.002909
-0.059784
-0.029404
-0.082397
-0.082092
0.128174
-0.187134
-0.121826
0.009209
0.000969
-0.062988
0.010986
0.022629
-0.024719
-0.031342
0.000808
0.089355
0.031021
0.025696
-0.020844
-0.030869
-0.015190
-0.100830
-0.103577
-0.113403
0.184570
-0.116333
-0.085144
0.079529
-0.020523
0.302246
-0.107117
0.020523
0.038452
0.016647
0.024231
-0.154297
-0.093872
-0.002584
0.032959
0.077881
0.084534
-0.050903
-0.012115
-0.042511
-0.042023
-0.031525
0.038147
0.107483
0.159058
0.169556
-0.054291
0.010506
-0.028595
-0.013412
0.061554
-0.077881
-0.094177
-0.060760
-0.038788
-0.015030
0.098389
-0.053650
0.102478
0.121826
0.178223
0.009857
-0.099365
-0.044922
0.111938
0.005264
-0.115295
0.060699
-0.035797
-0.039490
-0.080017
0.111572
-0.126465
-0.038239
0.023331
0.053864
0.038239
0.028946
0.030182
0.068237
0.162476
0.054047
-0.020706
-0.105286
-0.303711
-0.038422
-0.068604
0.087036
0.081421
0.011406
0.034729
-0.035614
0.032471
-0.014214
-0.032471
-0.065796
-0.125244
-0.007019
-0.023163
0.078430
-0.111572
0.145142
0.219482
0.038940
-0.010353
-0.167847
0.020706
-0.095642
-0.002106
0.027893
0.020523
-0.050537
0.099670
-0.029831
0.035614
-0.085449
0.005791
-0.022110
-0.036133
0.057892
-0.126343
0.048248
0.093140
-0.008423
0.076294
0.009827
0.085083
-0.000526
0.011055
0.054230
-0.038086
-0.027542
0.080200
-0.032623
0.106873
0.054749
-0.011581
-0.014565
-0.068420
0.017365
-0.038086
-0.005966
-0.047363
0.243042
-0.207031
-0.112793
0.032288
0.073181
0.092285
-0.001404
-0.033508
0.064941
0.008423
-0.009476
0.005966
0.234253
0.051239
0.027893
0.087891
0.162598
0.030884
-0.035278
-0.181763
0.212524
0.070557
-0.079834
-0.057373
0.027191
0.038940
0.072083
0.023331
-0.096863
-0.064392
-0.068420
-0.090332
0.280273
-0.100159
-0.130859
0.034576
0.107910
-0.015091
-0.018250
0.010002
-0.041748
-0.095276
0.002983
0.012459
0.017715
-0.020523
0.077698
0.099121
-0.072998
