shape: [b:2, f:128, x:1, y:1, z:1, w:1, u:1, v:1, g:1] (count: 256, addr: 0xffffaaad573bde00, original format: bfyx)
-0.096130
0.027435
0.054260
-0.013641
0.120056
0.087219
0.009995
0.038055
-0.014595
-0.064087
-0.004917
0.057892
-0.030777
0.057434
0.029663
-0.090088
-0.062683
-0.050110
-0.032043
0.070129
-0.022690
0.103760
0.047119
-0.014908
-0.026642
0.081360
0.064880
-0.064087
0.006821
0.151489
-0.059479
0.048706
-0.195068
0.053925
-0.024582
0.092163
-0.022842
0.006344
-0.003172
-0.068848
-0.042023
-0.091980
0.151367
0.051392
-0.047119
-0.000000
-0.064880
0.244141
-0.030609
-0.070251
0.051239
0.100891
0.304199
0.058685
0.072327
-0.059326
0.028076
0.012215
0.037903
0.044891
0.005711
-0.035217
-0.065369
-0.062164
0.072144
0.018723
-0.136841
0.101379
-0.106140
-0.038696
0.030930
0.019028
0.026169
-0.161987
-0.132812
0.024261
0.082642
-0.127075
-0.005234
-0.125122
0.199341
0.063477
-0.039978
-0.157227
0.110718
-0.027924
0.168823
-0.015541
-0.027283
-0.146118
-0.063904
0.075012
-0.059814
0.067444
0.030457
-0.042023
-0.116455
0.007935
0.099487
0.104675
0.031555
0.048370
0.214478
0.001110
-0.071838
-0.050446
-0.014755
-0.168579
-0.127075
-0.002378
-0.009995
-0.005077
-0.114075
0.114868
0.087097
-0.040619
-0.052032
-0.086609
-0.036469
-0.054077
0.005077
0.175171
-0.009041
0.060425
-0.101013
0.022690
-0.166260
-0.176880
0.068481
-0.037109
-0.011635
0.096191
-0.082336
-0.161011
-0.020477
-0.012962
-0.143799
-0.031677
0.043457
0.036682
0.062012
-0.061432
0.091919
0.124329
0.303711
-0.021210
0.072754
0.060822
0.231812
-0.100037
0.019302
-0.070251
-0.273193
0.087769
0.095276
0.205688
-0.029602
0.013847
-0.055969
0.098694
0.046265
0.066406
0.004124
0.103088
-0.089966
-0.053894
0.119873
-0.056549
0.013550
0.042114
-0.003094
-0.049500
0.034760
0.046539
0.053040
-0.050507
0.090759
-0.077637
-0.083496
0.158203
0.089233
-0.039917
0.027832
-0.070435
0.077209
-0.026962
0.085754
0.027832
-0.169189
-0.011932
0.084412
0.068054
0.072021
0.025925
-0.031677
-0.005451
0.161011
-0.095032
0.076477
-0.040344
0.039490
-0.004860
0.004715
0.091187
-0.104431
0.012077
-0.018997
0.062744
-0.049652
0.133423
0.022095
-0.082336
-0.039032
-0.104553
0.050659
-0.011635
0.018417
-0.044189
0.329346
-0.158691
0.016495
-0.082764
-0.004124
-0.105164
-0.055969
-0.027695
0.010750
0.147705
-0.006481
0.042572
0.110046
-0.093079
-0.052429
-0.056549
0.073669
0.013107
-0.029907
-0.025192
0.034760
0.025330
0.112549
-0.066589
0.090454
-0.074829
0.025330
0.007805
0.085266
-0.053619
0.084717
-0.037994
-0.025925
0.014290
-0.049194
0.010162
0.100159
0.044495
