shape: [b:2, f:128, x:1, y:1, z:1, w:1, u:1, v:1, g:1] (count: 256, addr: 0xffffaaad573be000, original format: bfyx)
-0.090759
0.210083
0.013779
-0.032776
0.151123
-0.019669
0.172119
-0.137817
0.020340
0.049927
-0.091614
-0.058472
-0.072754
0.036316
0.117798
0.083008
0.055450
-0.006218
-0.119324
-0.032440
-0.012100
0.045868
0.061676
0.008064
0.037659
-0.027557
0.187744
0.018661
-0.026215
0.370850
-0.174927
-0.061005
0.017136
-0.155762
0.037659
0.144043
0.036316
-0.019669
0.056122
0.111267
-0.020172
-0.030258
0.001849
-0.085022
-0.012772
0.027893
-0.011429
0.080139
0.044708
0.017822
-0.068909
-0.152710
0.063721
-0.167236
0.045532
0.058319
0.005547
-0.011765
-0.040009
-0.024536
-0.138672
-0.104553
0.035461
0.040009
0.010757
0.082214
-0.032776
0.005547
0.242188
0.076294
-0.053436
0.019836
-0.218506
0.015625
0.017303
0.028397
0.033600
-0.183838
-0.095154
0.002857
-0.043365
-0.034790
0.048920
-0.009583
-0.059174
0.060852
0.082703
0.039001
0.034607
0.091248
0.030594
0.058502
0.095947
-0.028564
0.019669
0.017303
0.052277
0.018494
0.041351
0.129639
0.003193
0.046722
-0.064209
0.052948
0.023361
0.068054
0.017822
-0.106689
-0.003361
-0.095459
-0.069092
0.036133
-0.012100
0.187622
0.126343
-0.033936
-0.017654
0.028900
-0.083008
0.050598
-0.113098
0.176025
-0.012436
0.041016
0.039673
0.148071
0.069214
-0.011093
0.126465
0.166748
-0.033813
-0.096191
0.019348
-0.170654
0.346436
-0.008537
0.030319
0.055237
0.022659
-0.080322
0.101257
-0.007668
0.076477
-0.091125
-0.009239
0.016205
-0.093567
0.223755
0.030838
-0.032227
-0.103516
0.057678
0.013069
-0.075806
0.084839
-0.054016
0.035889
0.007320
0.013939
0.232300
-0.046539
-0.163330
0.042694
0.002962
-0.010979
-0.259033
0.342529
0.051056
0.058563
0.064636
0.047577
0.072510
0.031372
0.138428
-0.020569
0.122681
-0.033112
-0.040771
0.035889
-0.027191
-0.146606
-0.057343
0.036774
0.000871
-0.141846
0.013420
-0.008888
0.067444
-0.005577
0.056641
-0.011154
-0.048096
0.021790
-0.076172
-0.006100
-0.007843
0.022308
-0.018814
0.052795
-0.211182
-0.064331
0.014984
-0.005402
0.008018
-0.060638
-0.154419
-0.032074
0.122681
0.045135
0.022476
0.009064
0.061523
0.113098
0.091125
0.040253
0.051575
-0.094116
-0.123352
-0.058563
0.006100
-0.078918
0.049500
0.031189
-0.053497
-0.083618
0.060822
0.032227
-0.059937
-0.022125
0.024750
0.159302
-0.061859
0.009583
0.109619
0.036957
0.003485
-0.018478
-0.045837
-0.016037
0.042877
-0.085754
0.048279
-0.068848
-0.013069
-0.095337
0.009758
0.077576
0.036957
0.044098
-0.020737
0.005753
-0.103149
0.021957
0.016907
-0.015160
0.027359
