shape: [b:2, f:1, x:1, y:128, z:1, w:1, u:1, v:1, g:1] (count: 256, addr: 0xffffaaad573bde00, original format: bfyx)
0.011459
0.042023
-0.067444
-0.136841
-0.034363
0.030548
-0.056335
-0.000955
0.045502
0.003500
0.048065
-0.001273
0.053772
0.005093
-0.000637
0.103088
-0.150513
0.152466
-0.000955
0.010818
-0.006683
-0.009232
-0.014641
-0.076721
-0.046143
0.000955
0.077637
-0.128296
-0.022278
-0.037231
0.002865
-0.016556
-0.117126
0.010818
-0.005093
0.116821
0.110107
0.030548
-0.025146
0.059845
0.093567
0.044556
-0.051880
0.006367
0.032776
-0.009865
-0.074463
-0.177856
0.011459
-0.114868
0.001909
-0.025772
0.086243
-0.252441
0.001273
-0.073181
-0.006367
0.039154
-0.007637
0.049011
0.000637
-0.112366
-0.012093
-0.101196
-0.016556
-0.010506
-0.015915
0.041046
-0.028320
0.152466
-0.000318
-0.009865
0.189087
-0.036285
-0.017181
0.206177
-0.002546
-0.077637
0.015274
-0.140015
0.031189
-0.065552
-0.030228
-0.025146
-0.016235
-0.002865
-0.026093
-0.036591
0.005409
-0.000955
0.007000
0.044250
-0.017502
0.041046
-0.039795
-0.007637
-0.074768
-0.106628
-0.169312
0.007000
0.015274
0.008278
-0.107910
0.000955
-0.019730
-0.010818
0.080811
-0.032135
0.097412
0.002228
0.296875
-0.042969
0.044250
0.001909
-0.288330
-0.042969
-0.030228
0.003819
0.092957
0.051544
0.042023
0.060791
0.042633
0.443359
-0.010818
0.020050
-0.112366
-0.173462
-0.015121
-0.015884
0.090759
-0.017776
-0.000378
-0.051788
-0.017395
0.001513
-0.159180
-0.002647
-0.012100
0.209106
-0.013229
-0.043488
0.034027
0.023056
0.086609
-0.030243
-0.093384
-0.040833
0.167847
-0.038574
0.086182
-0.021927
0.265137
0.076355
-0.001513
0.083557
-0.013992
-0.079407
0.050659
0.032898
0.187866
-0.009827
-0.000756
0.035156
0.001134
0.062012
0.014366
-0.001134
0.296143
-0.036682
0.229858
-0.123657
0.064636
0.002268
0.040833
-0.002647
0.029114
-0.021179
-0.020035
0.006050
0.046509
0.155396
0.113831
-0.008316
-0.198120
-0.000378
0.003403
0.043854
-0.072571
-0.057861
0.073364
-0.040466
0.100952
-0.040070
0.000378
0.070679
-0.141724
-0.104370
-0.253662
-0.012100
0.000756
0.001134
-0.045380
0.006050
-0.038177
-0.015503
0.128540
0.043854
0.068787
-0.006050
0.023819
-0.006050
-0.044983
0.001513
-0.025711
0.010590
0.007942
-0.003403
-0.012474
-0.011719
-0.004158
-0.168579
-0.013992
-0.164429
0.099426
0.002268
-0.008316
0.251709
0.006428
0.095642
0.009071
0.000756
-0.023438
-0.089600
-0.006428
-0.043488
0.002647
0.068420
0.074890
-0.003403
0.018524
-0.080933
-0.028351
0.004536
-0.054810
0.076355
-0.079773
-0.049896
-0.038177
0.004536
-0.360596
-0.042358
0.008316
-0.017395
0.046509
0.018143
