shape: [b:2, f:1, x:1, y:128, z:1, w:1, u:1, v:1, g:1] (count: 256, addr: 0xffffaaad573bde00, original format: bfyx)
-0.064453
-0.064636
-0.042328
-0.107300
0.065125
-0.081238
-0.090698
-0.043304
-0.011070
-0.049652
-0.021652
0.044434
0.090698
-0.035339
-0.114624
0.090698
0.056824
0.146851
-0.180054
-0.043304
0.006187
0.030273
-0.025070
-0.123230
-0.041687
0.007000
-0.004723
-0.067749
0.114258
-0.060883
-0.112488
0.073242
0.134277
-0.023605
-0.095581
0.094604
-0.014000
0.050293
0.003094
-0.053406
-0.023285
0.000163
-0.075867
0.080566
-0.019379
0.000163
0.043793
-0.182983
0.009605
-0.017426
-0.097046
-0.028976
-0.020355
0.136963
-0.022308
0.000163
-0.011559
-0.059906
-0.117676
0.018723
0.166992
-0.059418
0.154541
0.120605
-0.015625
0.072449
0.185913
-0.139893
-0.147949
0.089844
0.133545
-0.035339
0.014328
-0.063965
0.058441
0.067749
0.230835
-0.112183
-0.005371
0.093628
0.018066
-0.040375
-0.060059
-0.089355
0.066589
0.045410
-0.093628
0.013672
-0.029297
0.010094
-0.102905
0.037781
-0.007000
-0.037109
0.079468
0.054382
0.169189
-0.109070
-0.059753
0.133545
0.030930
-0.010422
0.000977
0.027023
0.005699
-0.095886
0.049011
0.002930
-0.068237
0.008629
-0.027023
0.021332
0.040375
-0.009445
0.135132
-0.036469
0.019699
0.060547
0.103394
-0.061523
0.042816
-0.029633
0.040375
-0.066772
-0.114929
-0.054047
0.426514
-0.139526
0.036102
-0.091064
0.008141
0.007629
0.006611
-0.112061
-0.087463
-0.025772
-0.105957
0.012375
-0.052399
0.041718
0.041534
-0.086975
0.036621
0.060516
-0.029495
-0.013054
-0.217285
0.090698
0.360352
0.185791
0.188721
0.023392
0.010681
0.183228
0.035950
-0.036438
0.012886
-0.000339
0.016281
0.176514
0.038147
0.004406
0.043732
0.042206
0.052734
-0.114624
0.010681
-0.044067
-0.212280
0.082031
-0.042053
0.045258
-0.148193
0.037292
-0.053070
0.014748
-0.163940
0.046112
-0.060516
0.030685
0.140381
0.055786
0.120728
0.035767
-0.152588
0.115112
-0.039337
-0.044067
-0.030518
-0.071228
-0.166504
0.138184
0.027969
0.000000
0.012718
-0.017120
-0.078003
-0.021362
-0.184937
-0.021027
-0.005085
0.010002
-0.028992
0.000509
0.079834
-0.066101
-0.135498
-0.094421
-0.026108
0.101868
0.007290
-0.006271
-0.057312
-0.054077
0.012375
0.053223
-0.135132
-0.031189
0.150146
-0.045258
0.092712
0.046783
-0.020508
0.047302
-0.009491
0.111572
-0.127808
-0.036957
0.045258
-0.081177
0.004578
-0.045929
-0.042542
-0.027130
0.024078
-0.040527
0.043243
0.126587
-0.005596
0.067139
-0.003222
0.083557
-0.209717
-0.008141
-0.034912
0.025940
0.095459
0.061554
0.012039
-0.151611
0.103943
0.017120
0.070374
-0.030685
0.090881
-0.050690
