shape: [b:2, f:128, x:1, y:1, z:1, w:1, u:1, v:1, g:1] (count: 256, addr: 0xffffaaad573be000, original format: bfyx)
0.032104
-0.026917
-0.044922
-0.012421
-0.157959
-0.084900
0.020508
0.056732
-0.013664
-0.009735
-0.018021
-0.022781
0.174316
0.289551
-0.112427
-0.148315
-0.023193
-0.068359
-0.076416
-0.022781
-0.000621
-0.103516
-0.051971
0.020508
0.038300
0.039124
0.061920
-0.206665
-0.107239
-0.004971
0.004143
-0.090881
-0.057373
0.315918
0.087585
0.029816
-0.120544
0.044739
0.016571
0.010765
-0.090515
-0.023605
0.107056
0.074951
-0.064819
-0.101868
-0.026718
-0.215942
-0.104370
-0.026093
-0.005798
-0.133545
0.029617
0.066040
-0.018433
0.025879
-0.130005
0.011391
0.115112
-0.010765
-0.228149
0.092163
-0.033966
-0.051147
-0.004349
0.021957
0.054474
-0.158203
0.044739
0.080994
-0.109558
0.035217
-0.022781
0.081177
0.064636
-0.070618
-0.084290
0.009941
-0.046387
-0.079712
0.005798
-0.007248
0.012009
-0.020920
0.041412
0.013046
-0.129028
-0.015114
-0.051147
-0.066650
-0.027130
0.020508
-0.031281
0.073303
-0.015945
0.195068
0.023407
-0.038940
0.026917
0.079712
-0.163818
-0.068542
-0.221802
0.025055
0.122375
-0.006420
-0.028366
-0.063782
0.031677
0.031891
-0.067688
0.051971
-0.009941
-0.037262
-0.098389
-0.066895
-0.043060
-0.012009
-0.070618
-0.135376
0.036652
0.118652
-0.104980
-0.046173
0.024857
0.140991
0.028366
0.061279
-0.180176
-0.074097
0.077515
-0.015358
-0.047150
-0.059814
-0.098389
0.055725
-0.020004
0.004108
-0.018036
0.025711
-0.094666
-0.142456
-0.042664
-0.001429
0.046234
-0.012321
0.157104
-0.014824
-0.038025
0.016251
-0.003750
0.022324
-0.008751
0.141479
-0.006607
0.039276
0.015358
0.049286
0.010895
-0.036438
-0.033020
0.044281
0.074280
-0.012138
-0.026245
0.134644
-0.364990
0.067505
0.006248
-0.005356
0.034637
0.053223
0.006786
-0.110168
0.088196
0.040894
-0.046417
-0.025711
-0.053375
-0.036957
-0.009109
-0.011246
-0.005894
0.021072
0.085510
0.079834
0.054626
0.091980
-0.032135
-0.041077
0.117676
-0.046417
0.001607
-0.029816
-0.139038
-0.039276
0.057861
0.058197
-0.109619
0.351318
0.008568
0.002142
0.003035
-0.123047
-0.026077
-0.079102
0.174438
0.000893
0.006248
-0.028397
0.019287
0.014282
0.055878
-0.110168
0.041260
0.035889
0.033569
0.040009
0.000714
-0.323730
0.008926
-0.014641
0.045349
-0.054993
0.028214
-0.046967
0.022491
-0.064636
-0.079102
0.060364
0.170532
0.041412
-0.008926
0.045898
-0.034637
-0.053925
0.020538
0.073547
0.036957
0.254883
0.042511
0.160400
0.142334
-0.008926
0.009644
0.178223
0.108948
-0.031769
0.008034
0.010353
0.042511
0.092346
0.134644
0.004822
0.042511
0.089111
