shape: [b:2, f:1, x:1, y:128, z:1, w:1, u:1, v:1, g:1] (count: 256, addr: 0xffffaaad573be000, original format: bfyx)
-0.116272
-0.154297
0.067139
0.294434
0.042297
0.029465
0.011879
0.051636
0.037842
0.080139
-0.015839
0.109741
0.095337
0.053223
0.093140
0.091248
-0.129517
-0.061920
-0.020584
-0.007442
0.005070
-0.277832
0.003801
0.068726
0.074585
-0.020905
-0.068604
-0.051636
-0.021057
0.030243
0.067627
-0.025345
0.136963
0.161255
0.041962
-0.001108
0.016785
-0.036255
-0.048157
0.109436
-0.060669
0.211914
-0.009186
0.035461
-0.000950
0.001742
0.083008
0.036438
-0.290527
-0.041321
0.075562
-0.015366
-0.006809
0.022812
-0.019012
0.090759
0.000634
-0.022964
-0.074463
0.051147
-0.045776
0.089172
0.085815
-0.042603
0.040070
-0.162842
0.015366
0.036591
-0.031525
-0.098328
-0.129883
0.006653
-0.245972
-0.046082
0.027405
-0.029465
0.120850
0.177490
0.022491
-0.007442
-0.036896
0.044830
0.099487
0.035950
-0.042603
-0.022491
-0.205444
0.040710
-0.039581
-0.047668
-0.086182
-0.022964
0.060486
-0.006653
0.028503
0.198608
0.045624
-0.016464
0.105652
0.161133
-0.018219
0.032318
-0.024384
0.017426
0.162231
0.034210
-0.087280
0.020279
0.049561
-0.054962
0.005543
-0.087097
-0.043243
0.006336
0.001901
0.019791
0.014252
0.036743
-0.082214
-0.146851
0.061920
0.167847
0.012825
-0.056702
-0.006493
0.035156
0.000950
0.022812
0.141235
0.026520
-0.047821
0.023224
0.042969
0.170044
-0.294189
0.011436
0.010574
-0.056488
-0.013000
0.009010
-0.011093
0.003292
-0.012306
0.054596
-0.031891
0.017670
0.022522
-0.055634
0.059967
-0.029800
-0.234985
0.019928
0.046112
0.101196
0.050262
0.070374
-0.066040
-0.132568
-0.015594
-0.220215
-0.007797
-0.079224
-0.104858
-0.020630
0.091858
0.170044
0.001559
-0.090454
0.018723
-0.121155
0.053375
-0.104858
-0.004852
-0.114746
0.079712
-0.135864
0.053192
-0.143311
-0.042816
-0.000693
0.061188
0.023056
-0.011093
0.019409
-0.006065
-0.090088
0.020279
0.031891
-0.014381
-0.068481
0.123901
-0.030151
-0.136597
-0.034485
-0.039001
-0.145020
-0.029282
-0.026337
0.162720
0.117859
0.084595
-0.032745
0.045410
-0.030334
0.044525
-0.038300
0.002773
-0.112976
0.024948
0.061188
0.046448
-0.023743
0.047821
-0.015427
0.062744
0.012474
0.032074
-0.057892
-0.021484
-0.073486
0.053711
-0.043488
-0.127686
0.051117
0.005547
0.062042
0.005894
-0.048187
-0.015076
-0.027206
-0.059784
-0.012650
-0.260986
0.217651
0.016296
0.002253
-0.072083
-0.158569
0.012825
-0.165894
-0.065308
0.096863
-0.058563
-0.095154
0.104126
0.089783
-0.026337
-0.149048
-0.089050
0.095154
-0.035522
-0.109497
-0.026855
0.029800
0.239014
0.069336
