shape: [b:2, f:128, x:1, y:1, z:1, w:1, u:1, v:1, g:1] (count: 256, addr: 0xffffaaad573be000, original format: bfyx)
-0.101685
-0.128052
0.084106
-0.001614
0.057037
0.031021
-0.229126
0.142944
0.035156
-0.025818
0.125854
0.107056
0.003586
-0.059540
0.090759
-0.025467
-0.146484
0.042145
-0.055939
0.031204
0.024750
-0.125122
0.026901
-0.051270
0.012016
0.073853
0.151855
0.011658
0.019730
-0.013092
-0.000896
-0.066162
0.021698
0.024200
-0.153320
-0.018295
0.007172
-0.081970
-0.014885
-0.018463
0.039642
-0.249390
-0.197266
-0.064575
-0.024384
0.109375
0.064941
0.036224
-0.278809
0.085876
0.065063
0.050751
0.089478
0.013985
0.031204
0.093445
0.103638
0.075867
-0.048065
-0.028687
0.134155
-0.140381
0.020615
-0.111145
-0.054169
0.029770
0.071899
-0.075134
-0.003944
0.174072
0.067444
0.052185
-0.132568
-0.017746
0.019547
-0.020264
0.083374
0.114563
-0.121033
-0.036224
-0.041779
-0.083557
0.135254
0.113708
-0.083191
-0.067261
-0.027252
-0.005917
0.033905
0.093445
-0.021881
-0.048950
0.015244
0.083557
-0.041779
-0.017029
-0.074951
-0.110657
-0.064392
0.031021
-0.031738
-0.139893
0.065247
-0.034241
-0.220703
-0.024750
0.026367
0.025467
-0.017746
-0.122131
-0.137573
-0.071533
-0.065430
-0.162964
0.024567
-0.060974
-0.010223
-0.011658
-0.031021
0.020081
0.143799
-0.036926
0.105286
-0.069763
0.042328
0.071350
-0.159424
-0.049683
0.249634
0.060974
-0.027145
-0.058167
-0.053223
0.245728
0.301758
-0.000881
-0.044769
0.029266
-0.126343
-0.082520
0.013046
0.028549
0.018677
0.111572
-0.022385
0.005993
0.131714
-0.035767
0.009521
0.045654
0.123901
-0.013924
0.000529
0.056763
0.010750
-0.040527
-0.025208
-0.018509
0.015686
0.002996
-0.013397
-0.018860
-0.042999
-0.031372
-0.031372
-0.056213
-0.117554
0.120911
-0.057800
0.036652
-0.131348
0.089722
0.018509
-0.111389
0.042999
-0.040527
0.034912
-0.000705
0.080200
0.078247
0.122864
-0.023972
0.009163
-0.056763
-0.051117
0.125488
-0.068420
-0.028198
-0.100098
-0.023087
0.005287
0.039673
-0.059570
-0.022736
-0.086182
-0.169067
-0.080750
-0.037201
0.010223
-0.240356
0.011459
-0.003349
0.025909
0.086182
0.070129
0.047943
-0.026794
0.118958
0.157104
-0.042999
0.066956
0.105591
0.072266
0.105591
-0.079468
-0.016388
0.017456
-0.054993
0.067322
-0.038788
0.195801
0.123230
-0.015869
0.027328
0.017975
-0.009872
-0.070862
0.014099
-0.149780
0.053223
-0.179443
-0.000353
-0.037903
0.177124
0.067139
-0.046875
-0.057983
0.020981
0.102783
0.138062
0.011284
0.060974
-0.175537
0.054108
-0.018158
0.020798
-0.034546
-0.064148
-0.204468
0.013222
-0.078796
0.073669
-0.101013
-0.069092
0.165161
-0.036316
