shape: [b:2, f:128, x:1, y:1, z:1, w:1, u:1, v:1, g:1] (count: 256, addr: 0xffffaaad573be000, original format: bfyx)
0.065186
-0.169067
0.004616
-0.203857
-0.013397
0.088318
0.033936
-0.004169
0.055084
-0.004765
-0.117920
-0.084106
0.052704
-0.062378
-0.142212
-0.178101
0.114929
0.055695
-0.078491
-0.013847
-0.010719
-0.001786
0.027695
0.024414
0.115417
0.036621
-0.074158
0.017868
0.017715
0.038696
0.102905
0.014290
-0.145264
-0.092773
0.058655
-0.034973
-0.057922
-0.024261
0.048096
-0.093933
-0.098572
-0.363525
0.075012
-0.052124
-0.020691
-0.022034
0.023071
0.032898
-0.095276
0.268555
-0.005508
0.098999
0.012955
-0.020096
-0.026794
0.037659
-0.031708
-0.048828
0.055847
0.007145
-0.109558
-0.107178
0.005657
0.042572
-0.023529
-0.069519
-0.044952
0.216309
-0.083374
0.092163
0.054199
0.029175
0.108826
0.055389
0.053894
0.003872
0.047058
0.006847
-0.107910
0.076111
0.063293
-0.073669
0.056732
-0.033356
-0.000298
-0.037964
0.115967
0.008339
0.176392
0.109741
-0.085327
-0.113770
-0.110901
-0.021286
0.026794
-0.078491
0.062378
-0.064026
0.197266
-0.162720
0.028290
-0.048248
-0.000893
-0.163574
-0.168945
-0.010124
-0.217529
0.002085
-0.034393
-0.008781
0.010277
-0.064331
-0.017715
0.033356
-0.026657
0.030823
-0.088562
-0.025604
0.088562
0.000744
-0.020996
0.002382
0.010124
-0.021591
-0.076233
0.097534
-0.070251
0.023972
-0.125854
0.044373
0.109375
-0.046173
0.021362
-0.121155
-0.031677
0.065552
-0.032227
-0.100281
0.056854
-0.019196
-0.124939
-0.059937
0.017014
0.039124
0.013397
0.022278
0.005432
0.097778
0.067017
-0.070251
0.113525
0.072998
-0.099792
0.054138
-0.036407
0.059204
0.003801
-0.145874
0.001267
0.113342
0.052856
-0.086365
-0.178833
-0.061371
0.039825
-0.008873
-0.162720
-0.065002
-0.126587
-0.027344
0.027527
0.067566
-0.020462
0.200317
0.101929
-0.018829
0.100281
-0.201660
-0.047089
-0.007786
0.049255
0.008148
0.072083
-0.019913
0.030060
-0.042725
0.006336
0.090698
0.005249
0.101929
0.003441
0.080750
-0.013214
0.041473
0.036560
0.106079
-0.062286
-0.103760
0.134399
0.077881
0.119873
0.015030
0.050323
0.040009
-0.039124
0.074768
0.046906
0.046539
-0.036407
0.043457
-0.090149
-0.220215
0.035858
0.016846
-0.102478
0.065918
-0.179565
-0.086365
-0.021729
0.007244
-0.031494
0.158203
0.109924
-0.036224
0.122375
-0.166992
-0.024445
0.119873
0.056305
0.042908
-0.117859
-0.058105
0.181030
-0.082397
-0.015747
0.074951
0.109192
-0.140991
-0.126343
0.320068
-0.001267
0.092529
0.020645
0.049255
0.008690
-0.105225
0.006882
-0.060822
-0.030960
-0.039642
-0.145264
0.047974
-0.010498
-0.024261
0.037476
0.109009
