shape: [b:2, f:128, x:1, y:1, z:1, w:1, u:1, v:1, g:1] (count: 256, addr: 0xffffaaad573bde00, original format: bfyx)
-0.028625
0.030823
-0.070251
0.008812
-0.122559
0.029846
0.040131
-0.010033
-0.176880
0.001224
-0.036469
-0.000734
0.017624
-0.014679
0.002691
0.047211
0.041840
0.039154
0.075867
0.014191
0.026428
-0.044037
-0.002447
0.026184
0.083679
-0.012238
0.025696
0.165894
0.020065
-0.090271
0.009789
-0.131348
-0.178101
0.000245
-0.212158
0.024719
-0.077332
0.083679
-0.018356
-0.049194
-0.094666
-0.065308
-0.055786
-0.084167
-0.017365
0.026184
-0.084167
-0.240234
-0.018112
0.013214
-0.011009
0.007584
-0.019333
-0.212402
0.011009
-0.158813
0.010277
-0.015900
-0.000978
0.227295
0.012970
0.006119
-0.024963
-0.033020
0.010765
-0.108398
-0.018356
-0.060913
0.028625
-0.114258
-0.012726
-0.037445
-0.143433
0.085144
0.005383
-0.116211
-0.001957
0.064331
-0.012238
-0.110596
-0.238525
-0.116211
0.080261
-0.015656
0.018600
0.048431
-0.007584
-0.030579
-0.014679
-0.011497
0.043793
-0.055786
-0.024460
-0.134521
-0.000978
-0.049683
0.025696
0.018845
0.005627
0.006851
-0.002203
-0.014679
0.038422
-0.017868
0.029358
-0.001957
-0.024719
0.006851
0.231201
0.085632
0.190552
0.016388
0.000000
0.024719
0.057983
0.024963
-0.005871
-0.015900
-0.115234
0.190308
-0.012482
0.078552
0.070007
-0.369385
0.080994
-0.116699
-0.066772
-0.182495
0.030670
-0.025742
-0.162964
0.018066
-0.051758
0.082703
0.016159
0.081055
-0.025467
-0.029846
-0.088440
0.026016
-0.090637
-0.006023
-0.000000
0.033691
0.084595
-0.059967
0.075867
-0.044098
-0.072815
-0.101624
0.161621
-0.104065
-0.059967
-0.069275
-0.016983
0.143555
0.024094
-0.051758
0.022736
-0.082153
0.083252
-0.037506
0.007942
-0.013145
0.006847
-0.119690
-0.024094
0.024094
0.052582
0.019165
0.048462
-0.114441
0.107910
-0.043823
-0.048737
-0.016434
-0.186157
0.024094
0.046814
-0.019989
0.048462
-0.213623
0.199951
-0.062988
-0.021912
-0.009583
0.069275
-0.010406
-0.102966
-0.030121
0.145142
-0.029022
-0.049561
0.008492
0.039978
0.048187
0.358643
-0.140259
-0.326172
-0.182617
-0.018890
0.003286
0.006573
-0.081604
0.075867
-0.004654
-0.050934
-0.136353
0.001917
-0.003834
0.039154
0.012596
-0.032043
0.046265
0.041626
0.058044
0.005753
-0.027939
-0.033142
0.088989
-0.035614
-0.054230
0.039978
0.206177
-0.087646
-0.038879
0.026566
0.154663
0.032593
0.038605
-0.012596
0.042450
0.117493
-0.020264
-0.014236
-0.050110
0.013969
0.012047
0.175049
-0.074463
0.093079
0.183716
0.031769
-0.065735
-0.018341
-0.080261
-0.044373
-0.039429
-0.084351
0.006023
0.160767
-0.061890
-0.081848
-0.053680
-0.065186
-0.013695
