shape: [b:2, f:1, x:1, y:128, z:1, w:1, u:1, v:1, g:1] (count: 256, addr: 0xffffaaad573bde00, original format: bfyx)
0.032166
-0.046051
-0.027145
0.028122
0.055115
-0.002100
-0.152832
0.004040
0.032654
-0.026825
-0.087769
-0.050568
0.010506
0.024719
-0.037018
0.037811
0.129395
0.133057
0.017609
0.037476
-0.013573
-0.074951
0.142822
0.043457
0.048309
-0.079834
-0.004200
-0.257324
-0.005493
0.166138
0.029572
-0.174316
-0.044281
0.012764
-0.167847
0.009537
0.026505
-0.143555
-0.011955
0.018738
0.091125
0.015991
0.046204
-0.087402
-0.036194
0.097595
0.077087
-0.111511
-0.036530
0.067383
-0.150146
0.067688
-0.049774
-0.109253
0.065430
-0.137939
0.022461
-0.031189
0.052673
-0.027145
-0.152710
0.006950
-0.038147
0.026657
-0.047516
-0.126099
-0.020355
0.002100
0.148193
0.054626
0.060913
0.017288
-0.000323
-0.002100
-0.071106
0.065430
0.205444
0.081299
0.040558
-0.157349
0.050262
0.035553
-0.073669
-0.035400
-0.067078
0.026993
-0.090515
0.009537
0.014221
0.053986
-0.168335
0.010178
-0.019882
-0.011314
-0.103271
-0.086304
0.119568
0.108459
0.027466
-0.020203
-0.006462
-0.036530
0.206055
-0.011795
-0.091614
-0.080017
-0.013092
0.026184
0.063965
0.021164
0.124756
-0.014870
-0.030212
-0.139404
0.213501
0.021332
0.001293
-0.019714
-0.010345
0.132812
0.009857
-0.022461
-0.072083
-0.133911
0.148804
0.130859
0.101318
0.288086
0.011726
0.012978
-0.017365
-0.066589
0.227539
0.083801
-0.035034
-0.030960
-0.254639
0.005943
0.009697
0.024231
-0.005787
-0.014229
-0.055206
-0.056763
-0.054413
-0.009071
0.025803
0.081482
-0.028610
0.006256
-0.037689
-0.010162
-0.121521
-0.123047
0.028152
0.019394
-0.060822
-0.017197
0.118347
-0.072998
-0.064880
0.086609
-0.032990
0.004848
0.076477
-0.057373
0.105103
0.067261
-0.133423
-0.186035
-0.065674
0.041443
-0.029083
-0.015015
0.038635
0.036438
-0.009224
0.035492
0.063782
0.022675
-0.057068
-0.091614
-0.018921
-0.014389
0.004379
0.094910
0.105103
0.015640
-0.072571
0.019241
0.285645
0.050201
0.092407
-0.046600
0.084106
0.097717
0.170410
0.024551
-0.014702
-0.016113
0.040985
0.018616
-0.039703
0.020172
0.054413
0.040192
0.092407
0.218872
0.015945
-0.027985
-0.073975
0.002972
-0.012978
-0.158691
0.071289
0.130005
0.047211
-0.018143
-0.176514
-0.184692
-0.046143
0.211548
0.035339
0.245972
0.060974
-0.062561
0.069763
-0.028152
-0.186646
0.082581
0.103027
-0.047699
-0.044891
-0.011574
-0.002033
-0.054718
0.094788
0.051605
0.122742
0.140625
-0.032532
0.093384
-0.005474
0.000782
0.160034
-0.003284
-0.072998
-0.073486
0.060059
0.007038
-0.202393
-0.005630
-0.033630
-0.039551
0.027359
0.007507
