shape: [b:1, f:64, x:2, y:2, z:1, w:1, u:1, v:1, g:1] (count: 256, addr: 0xffffaaad57440200, original format: bfyx)
-0.001375
0.000735
0.000012
-0.000144
0.002270
-0.000675
-0.000824
0.000375
0.002821
0.001079
-0.001004
0.002474
-0.001150
0.001862
-0.002390
0.000659
0.000308
0.002199
0.000461
-0.000505
0.000605
-0.000189
-0.001046
0.000526
0.000139
0.000900
0.001519
0.001906
-0.000240
-0.000973
0.001396
-0.000611
-0.002029
0.000610
0.000143
0.001963
0.000791
-0.000208
0.002758
0.002066
0.002949
-0.002089
-0.000610
0.001224
0.000562
0.003027
-0.000348
0.002680
-0.000085
0.002211
0.002800
0.000034
0.000576
0.000371
0.001734
0.001821
-0.001119
-0.003128
0.001536
-0.001576
0.003300
0.001738
-0.001961
0.001102
0.000573
-0.000640
-0.000509
0.001783
0.001799
0.000501
0.002104
-0.000552
0.002516
-0.001277
0.002146
-0.001374
0.000435
0.000172
-0.001867
-0.000520
-0.000232
0.000202
0.001249
0.001783
0.001490
0.001318
-0.001728
-0.000480
-0.000085
0.002211
0.002800
0.000034
-0.000654
0.001970
0.000164
0.001541
-0.000954
-0.002956
-0.000888
-0.002048
0.001643
0.000718
0.001083
0.000034
-0.000696
-0.000129
0.000664
0.002317
0.000833
0.000225
0.001196
0.000627
0.001682
-0.001820
-0.000130
0.000510
0.000453
-0.001042
-0.001066
-0.001586
0.001682
-0.001820
-0.000130
0.000510
0.001295
-0.000633
-0.000780
-0.002377
0.000565
0.000294
0.000142
-0.000250
-0.000872
-0.000738
-0.001374
-0.000811
0.002993
-0.002226
0.000031
0.001965
-0.000954
-0.002956
-0.000888
-0.002048
-0.001150
0.001862
-0.002390
0.000659
0.001783
0.000986
0.001606
-0.000877
-0.003315
-0.002134
-0.000060
-0.000203
0.000139
0.000900
0.001519
0.001906
0.000453
-0.001042
-0.001066
-0.001586
-0.001223
-0.000252
-0.001289
-0.000899
0.000490
0.000089
0.000977
0.000363
-0.000772
0.000948
-0.001597
-0.002069
-0.000232
0.000202
0.001249
0.001783
-0.000654
0.001970
0.000164
0.001541
0.000435
0.000172
-0.001867
-0.000520
-0.000954
-0.002956
-0.000888
-0.002048
0.001508
-0.002127
-0.001046
-0.001089
0.002949
-0.002089
-0.000610
0.001224
0.002140
0.000728
-0.002146
0.000772
0.000562
0.003027
-0.000348
0.002680
0.001630
0.001571
-0.001877
0.001227
0.000639
-0.001746
-0.000404
-0.002245
0.000924
-0.000999
0.001082
-0.000613
0.000351
0.001043
-0.000729
0.000440
0.000490
0.000089
0.000977
0.000363
0.000490
0.000089
0.000977
0.000363
-0.000071
0.000925
-0.001434
0.002251
0.001508
-0.002127
-0.001046
-0.001089
0.000435
0.000172
-0.001867
-0.000520
-0.000214
0.003223
-0.000738
-0.000039
0.000967
-0.000899
0.001532
0.000598
-0.002289
-0.000014
-0.000059
-0.000386
