shape: [b:2, f:128, x:1, y:1, z:1, w:1, u:1, v:1, g:1] (count: 256, addr: 0xffffaaad573bde00, original format: bfyx)
-0.014839
-0.101135
0.059357
-0.093567
-0.020264
0.056641
-0.080017
0.009590
0.123779
0.072021
-0.084351
0.024979
-0.013573
0.000724
-0.030762
0.137939
-0.187866
0.025330
0.027512
0.051941
-0.010132
0.114563
-0.029495
0.151855
0.192383
-0.057739
0.011948
0.054840
0.063721
0.197021
-0.041077
-0.118530
-0.027145
0.023346
-0.022797
0.004345
0.056091
0.123596
0.125244
0.040710
0.005974
-0.018646
0.002172
-0.089417
-0.047943
-0.082336
0.074585
0.043793
0.009048
-0.074585
-0.077271
0.065125
0.053558
0.054840
-0.040710
-0.009232
-0.043793
-0.098450
0.160156
-0.074219
0.012489
-0.070740
-0.042542
0.068970
-0.033844
0.055725
-0.030045
0.076538
0.030762
-0.002172
-0.036011
-0.013573
-0.014297
0.169800
-0.148804
-0.022446
-0.343018
0.010857
-0.030045
0.008324
-0.022614
-0.043610
-0.068787
-0.198853
0.175171
-0.017014
0.099548
0.077820
0.050140
-0.012123
-0.031860
-0.103516
0.095398
0.118347
0.023529
0.052307
0.116028
-0.003077
0.043793
0.052490
-0.042358
-0.032928
0.078186
-0.024612
0.018997
0.003258
0.023712
0.177856
0.132812
0.031860
0.016113
0.026062
-0.002895
0.037811
-0.004162
-0.137207
-0.092834
-0.007599
-0.060089
0.028595
-0.002895
-0.034576
-0.101868
0.064758
-0.094299
-0.046509
0.375732
-0.011948
0.013985
-0.093140
0.102234
0.113770
0.130127
0.056396
-0.060394
0.017059
0.071472
0.015671
0.079590
0.031494
0.056396
-0.016602
0.063477
0.014603
0.066406
0.039490
-0.159790
-0.012299
-0.082703
-0.124207
-0.089905
-0.005840
0.044586
-0.212280
-0.041656
-0.155518
0.098083
0.005379
-0.035339
0.071655
-0.131104
-0.070251
0.016144
-0.128174
-0.062103
0.107117
-0.038727
0.087769
-0.170166
0.093750
-0.073608
-0.110962
0.104797
0.125244
0.055939
0.003843
-0.102051
0.098999
0.031204
-0.000307
-0.035645
-0.062103
0.068237
0.018448
0.049805
0.004303
0.135620
-0.105103
0.180786
0.014603
0.027054
0.041046
0.156982
0.009834
0.051483
0.121094
0.027054
0.048096
-0.158447
-0.013985
-0.017670
0.008759
-0.003843
-0.089600
-0.034119
0.042267
0.065491
-0.109741
-0.234131
-0.052887
0.088562
-0.012604
-0.183350
-0.293457
0.072693
-0.014755
0.022446
0.018906
-0.095581
0.065796
0.049194
-0.047180
-0.014755
-0.081299
-0.057800
-0.039032
0.070557
0.040588
0.132446
-0.027512
0.035187
-0.077332
-0.183960
0.072571
0.030899
-0.000615
0.081299
0.006149
0.125610
-0.226685
-0.011063
0.061188
-0.052887
-0.018143
-0.048737
0.008301
0.073792
-0.014603
-0.005993
0.049042
0.050415
0.017365
0.091431
0.096497
-0.122986
0.079468
