shape: [b:2, f:1, x:1, y:128, z:1, w:1, u:1, v:1, g:1] (count: 256, addr: 0xffffaaad573be000, original format: bfyx)
0.012756
-0.040222
-0.059601
-0.090576
-0.035797
-0.018875
-0.003775
0.034607
-0.173584
-0.005596
0.046082
0.025375
0.061432
0.130981
0.067566
-0.077454
0.059723
0.075073
0.014313
0.046600
-0.029938
-0.126343
-0.035278
-0.006378
-0.070557
0.000260
-0.294922
-0.015488
-0.030060
-0.347168
0.017960
0.008072
0.008720
0.167236
0.021210
-0.022507
0.035126
0.065186
-0.036713
-0.210083
0.049316
0.110901
0.034882
-0.032532
-0.029419
0.087952
0.033173
-0.176880
0.059601
0.080444
-0.000391
-0.005337
0.029678
-0.027206
0.041901
0.046082
-0.059998
0.037354
-0.086792
0.002604
0.036438
0.027069
-0.014709
0.097595
-0.005207
0.040344
0.189453
-0.016144
0.022903
0.023300
-0.047516
-0.008980
0.287598
0.014183
0.096313
0.014709
0.036957
-0.067566
0.016785
-0.012886
0.023041
0.025116
0.071594
-0.165771
0.060394
0.045288
-0.006767
0.053345
-0.034882
0.003904
-0.056488
-0.017822
0.047363
0.003643
-0.013275
0.020035
0.116882
-0.058044
-0.068054
-0.114136
0.104492
-0.041779
0.113342
-0.075195
0.129028
-0.094238
-0.024719
0.006378
0.063354
0.037231
0.001431
0.023163
-0.094727
0.240723
-0.133423
-0.034363
-0.133667
0.002472
0.079651
0.028244
-0.108276
0.255615
0.050354
-0.097107
0.012497
0.085999
0.033569
-0.033051
-0.010963
0.149658
-0.025024
0.031052
-0.002008
-0.007126
-0.040009
-0.034515
-0.028854
0.008217
0.010597
0.004932
0.018448
0.061188
0.002008
-0.053894
0.031052
-0.006577
-0.174438
-0.049683
-0.009682
0.108154
-0.115784
-0.019363
-0.042023
-0.044220
-0.012238
0.084229
-0.117798
-0.039642
0.075623
0.017899
-0.032867
-0.018631
-0.019363
0.033600
0.114563
-0.096436
0.307129
-0.079651
-0.040741
0.069946
-0.055176
0.112183
0.022461
0.057190
-0.084595
0.075623
-0.053345
0.126221
0.029404
-0.058258
0.051697
0.044220
-0.080566
-0.033600
0.068665
-0.003653
0.052795
0.014610
0.095520
0.004200
-0.130737
0.066467
0.004749
0.034882
0.096619
0.101013
0.032135
0.073975
-0.360840
-0.100464
0.029953
-0.036346
0.045288
0.116150
-0.032135
-0.068848
0.060089
0.103577
-0.048584
-0.041656
-0.082397
0.161987
0.019363
0.099182
-0.010048
-0.120544
-0.007305
-0.097534
0.014610
-0.024475
-0.030136
0.027405
-0.016617
0.114929
-0.121826
-0.039276
-0.015900
0.179077
-0.035431
-0.193970
-0.073059
0.052612
0.154907
0.120544
0.029221
-0.011871
-0.036530
0.098816
-0.026855
0.149414
-0.136597
-0.024475
-0.066467
0.035980
0.038361
-0.128784
-0.007305
0.031952
-0.324219
-0.013885
-0.064270
0.046204
0.006210
-0.056641
0.055908
0.100647
