shape: [b:2, f:128, x:1, y:1, z:1, w:1, u:1, v:1, g:1] (count: 256, addr: 0xffffaaad573be000, original format: bfyx)
-0.032745
0.232666
0.251709
0.033081
0.124695
-0.115540
0.079346
-0.017151
0.090393
0.060089
0.021820
0.109802
0.038635
-0.073425
-0.116028
0.076721
0.173096
-0.042084
-0.018539
-0.035492
0.012299
-0.042786
-0.065125
0.072571
-0.103943
0.015762
0.254639
-0.020615
-0.040710
0.168701
0.132690
0.140137
0.162598
-0.095093
-0.145020
-0.017670
-0.010742
0.003811
0.054565
0.180176
0.093018
-0.099060
0.042267
-0.000173
0.013512
-0.070984
0.069946
-0.110840
0.034454
-0.064941
-0.052124
-0.039825
0.028412
-0.089172
0.023209
0.062347
0.078491
0.030304
-0.075195
-0.003464
0.075684
0.108765
-0.030655
0.098572
0.033417
0.016113
-0.086060
0.055267
-0.027023
0.079346
0.012474
0.062683
0.079651
0.015762
0.064941
-0.084351
-0.146729
0.009010
0.119019
0.029968
0.029968
0.014374
-0.022171
0.055939
0.017670
0.019577
-0.154541
0.014030
0.118652
-0.101501
-0.039307
0.014725
0.053009
-0.055420
-0.001040
-0.041382
0.160034
0.020432
-0.139648
0.138794
-0.162476
0.040710
0.008141
0.056641
0.124512
0.253174
0.019058
-0.031860
0.013161
-0.036713
-0.152588
-0.041565
0.015244
-0.097168
0.041046
0.013512
0.119019
0.037079
-0.000173
0.042267
-0.096802
-0.049194
-0.077759
-0.027542
0.050049
0.010567
0.087463
0.069946
0.084412
-0.008705
0.011909
0.002310
-0.028076
-0.003733
0.098999
-0.000000
0.016876
-0.012260
-0.009064
0.002844
-0.042297
-0.250488
0.035706
-0.042999
-0.058105
-0.010132
-0.071289
0.050659
-0.057220
0.025406
-0.046021
-0.000711
-0.033234
0.026657
0.081421
0.013153
0.010666
0.003199
-0.013687
-0.031982
-0.032684
0.114075
-0.134155
0.018478
-0.060242
0.168701
-0.155518
-0.021149
-0.095764
-0.029678
0.036621
-0.104675
-0.046906
-0.094543
0.423340
0.001422
-0.075012
0.100586
0.048157
0.047455
-0.114990
-0.025940
0.004799
-0.035187
0.092041
0.020966
-0.052795
-0.046021
-0.129517
0.004265
0.081543
-0.016174
-0.028259
0.048859
0.001777
-0.142822
0.043365
-0.047791
0.057037
0.025940
-0.159912
0.031097
0.060791
0.131470
-0.094543
0.191772
-0.070923
0.048157
0.004620
-0.020966
0.223267
-0.151001
0.046021
0.039978
-0.011192
-0.023453
0.052429
0.025772
0.019363
0.044434
0.038727
-0.004086
-0.027908
0.035370
0.100769
0.098267
0.040710
-0.085999
0.041046
-0.058289
0.144531
0.004974
0.126221
-0.075684
0.018127
-0.068237
-0.118896
0.061493
0.052246
-0.105896
0.090454
0.030396
0.166748
-0.122986
-0.013153
-0.212891
-0.010132
0.127441
-0.026306
-0.020264
-0.210083
-0.069153
0.099548
0.052612
0.051727
0.017593
