shape: [b:2, f:128, x:1, y:1, z:1, w:1, u:1, v:1, g:1] (count: 256, addr: 0xffffaaad573be000, original format: bfyx)
0.015068
0.009491
-0.007534
0.054260
-0.005577
-0.009346
0.012360
-0.007084
-0.048828
0.045654
0.081970
-0.021851
-0.158081
0.171143
-0.122192
-0.032532
0.096313
0.140137
-0.064209
-0.057709
0.018234
0.040222
0.067932
0.013412
-0.061768
-0.142578
-0.082581
0.085266
0.068237
0.128052
-0.144897
0.008743
-0.242188
-0.228760
-0.019882
0.003918
0.001959
0.212036
0.045654
0.049713
0.002110
-0.086670
0.087219
-0.002411
0.021393
0.044464
0.005726
-0.030441
-0.138062
0.241577
-0.062683
0.001657
0.094910
-0.024109
-0.000301
0.065369
0.093445
-0.025620
-0.032104
-0.023956
0.105774
0.008286
-0.026367
-0.001507
-0.049286
-0.068848
0.079102
0.217773
0.088318
0.080322
0.077454
0.042053
-0.024109
-0.078186
0.031952
-0.225098
0.053040
0.042633
-0.067200
-0.130005
0.024567
0.031036
-0.013107
-0.074280
-0.019287
-0.065063
0.236938
0.043091
-0.004070
-0.011902
0.153687
-0.033600
0.074890
-0.025620
0.022156
-0.026520
-0.029831
-0.012505
-0.110474
0.044312
-0.025909
-0.001808
0.046417
-0.075012
-0.108215
0.046570
-0.145752
-0.045807
-0.054230
-0.041595
0.047028
0.067383
-0.082092
-0.095215
-0.278809
-0.005276
-0.070496
-0.067505
0.024857
0.042938
0.007534
0.068420
-0.064941
-0.039917
0.000301
-0.098389
-0.160767
-0.002260
-0.078247
0.058167
0.108765
0.076904
-0.039764
-0.194336
0.262207
0.005707
0.032013
-0.014359
-0.102722
0.035522
-0.179077
0.094055
0.026321
-0.060547
-0.014168
0.019699
-0.155884
0.058899
-0.018219
0.028900
-0.211304
0.033875
-0.014542
-0.043060
-0.009384
-0.057800
0.083740
-0.100647
-0.067383
0.064392
-0.018768
-0.139526
0.104919
0.046753
-0.207642
0.112427
0.106384
0.046021
0.121094
0.041046
-0.037537
0.038818
-0.033142
-0.023376
0.043060
-0.029083
0.085388
-0.109314
-0.023560
0.050598
-0.028336
-0.050232
0.034241
0.044159
0.080261
0.059448
0.089233
0.164185
-0.006073
-0.033142
-0.019516
0.020615
-0.021713
0.112610
-0.021896
0.054840
0.005707
0.034607
-0.075256
-0.093872
-0.101196
0.060547
-0.040314
0.092224
0.008469
0.129883
0.008835
-0.009567
-0.029083
-0.081360
-0.074158
0.086121
0.076355
0.112427
-0.000736
-0.031464
-0.043793
-0.041412
-0.067749
0.106384
-0.080811
-0.059448
-0.047119
-0.011597
0.039398
0.096985
-0.277832
0.055389
0.037903
0.113953
0.031464
0.022263
0.145996
0.061829
-0.036987
-0.087219
-0.116150
-0.194214
0.144287
0.074341
-0.133301
0.093140
0.161987
-0.107849
-0.059082
-0.121826
0.062927
0.116882
-0.129150
-0.034607
-0.089966
0.049683
0.033325
0.043243
0.032013
-0.038635
