shape: [b:2, f:64, x:1, y:1, z:1, w:1, u:1, v:1, g:1] (count: 128, addr: 0x7fffab273c00, original format: bfyx)
0.693848
0.693359
0.694336
0.694336
0.694824
0.693359
0.693848
0.693359
0.693848
0.693359
0.692383
0.695312
0.694824
0.693848
0.691895
0.694336
0.693359
0.693848
0.692871
0.693848
0.693848
0.694336
0.694824
0.694824
0.691895
0.693848
0.693359
0.693848
0.692871
0.692871
0.692871
0.693359
0.693848
0.693359
0.692383
0.691895
0.694336
0.694336
0.692383
0.693848
0.692871
0.693359
0.693848
0.693848
0.693848
0.694824
0.693848
0.691895
0.692383
0.692383
0.693848
0.695312
0.694336
0.692871
0.692871
0.694336
0.693848
0.693848
0.693848
0.692383
0.693848
0.695312
0.693359
0.693359
0.684082
0.684082
0.685059
0.684570
0.683594
0.684082
0.685059
0.683594
0.685059
0.685059
0.684570
0.685547
0.684082
0.685059
0.683105
0.684570
0.685059
0.683594
0.683594
0.683594
0.685059
0.683594
0.684082
0.684570
0.683105
0.684082
0.685059
0.684570
0.684082
0.683105
0.684082
0.683105
0.684082
0.683594
0.685059
0.683105
0.684570
0.683594
0.684082
0.685059
0.683105
0.683594
0.684082
0.683105
0.685059
0.684570
0.683594
0.683105
0.683594
0.684570
0.684570
0.685547
0.684570
0.683105
0.683594
0.684082
0.684082
0.684082
0.685059
0.683594
0.683594
0.684082
0.684570
0.684082
