shape: [b:2, f:1, x:1, y:128, z:1, w:1, u:1, v:1, g:1] (count: 256, addr: 0xffffaaad573be000, original format: bfyx)
0.202393
0.017242
0.014366
0.043091
0.012573
0.018311
0.095520
0.115845
0.046692
0.042389
-0.003233
0.165161
-0.108459
-0.032501
-0.042206
-0.207397
-0.081909
-0.046509
-0.038422
-0.024429
0.003771
0.001436
-0.070740
-0.045624
-0.083862
0.035919
-0.184082
-0.009155
-0.018143
0.144775
-0.275391
0.091797
-0.058533
-0.233398
-0.098938
0.075989
-0.100403
0.001257
0.008621
0.078125
-0.005745
-0.037720
0.025864
0.022095
0.060699
0.061584
-0.051178
0.069336
-0.066284
0.037903
-0.152832
0.050629
-0.056213
-0.029816
0.012749
-0.057648
0.056030
0.018860
-0.009155
-0.082581
0.105042
-0.040955
0.038422
-0.001436
-0.059082
0.091248
-0.064453
-0.083130
0.084045
-0.056580
0.116760
-0.102173
-0.079224
-0.078491
0.072754
-0.080627
0.113647
0.116882
-0.006107
0.066833
0.023712
0.070068
-0.007542
0.015442
0.079407
-0.031799
-0.114380
-0.069885
0.001796
0.031952
0.049377
-0.113647
-0.027649
0.003771
0.028015
0.024780
-0.006107
0.023712
0.054779
-0.115662
0.101807
0.129639
-0.106323
0.138306
0.104187
0.059448
0.022095
-0.083679
0.054596
-0.008621
-0.019577
0.000180
0.129517
-0.071289
-0.001616
-0.121033
0.142578
-0.084045
0.072937
0.226074
0.280029
0.014191
0.071106
0.035370
0.015083
-0.183472
-0.063049
-0.050476
-0.142334
-0.050140
-0.038361
0.086365
-0.075317
0.175537
-0.037994
-0.035339
0.001249
-0.037811
0.074219
0.020691
-0.040497
0.061188
0.002140
0.088684
-0.000000
0.019806
-0.025696
0.007317
-0.004459
-0.036041
-0.033539
-0.009453
-0.048889
0.005173
0.012665
-0.016418
0.086365
0.006065
-0.034241
0.041229
-0.010704
-0.009636
-0.013916
-0.025696
-0.182495
-0.125122
-0.002855
-0.001428
0.075500
0.005531
0.024628
-0.014275
-0.074951
0.003389
0.330078
-0.058350
-0.008385
0.059601
-0.090637
-0.017303
-0.089355
-0.006958
0.052277
0.043549
0.072998
0.028549
-0.005352
0.043182
0.146484
0.020523
0.103149
-0.066040
0.042297
-0.115967
0.147217
-0.229248
-0.073120
0.031586
-0.085083
0.211548
-0.102051
-0.015167
0.191772
0.059052
-0.073120
0.159668
-0.069763
-0.061005
-0.025162
-0.019989
-0.038544
-0.125610
0.075806
0.069214
0.050140
-0.106140
-0.043701
-0.210327
-0.045319
-0.071167
0.091187
0.174194
-0.074951
0.021057
0.009453
0.099182
-0.034607
0.023193
0.159668
0.064026
0.047272
0.004639
0.262939
-0.125732
-0.020691
-0.101501
-0.005173
-0.122742
0.081909
-0.123108
-0.068359
0.166870
-0.091675
0.012489
0.048706
0.043701
-0.001784
0.019806
-0.021759
-0.025513
0.056549
0.132446
0.059418
0.132080
0.025513
0.057281
