shape: [b:2, f:128, x:1, y:1, z:1, w:1, u:1, v:1, g:1] (count: 256, addr: 0xffffaaad573be000, original format: bfyx)
-0.042145
-0.112549
-0.068970
-0.056061
0.018219
0.060791
0.367432
-0.038849
-0.001720
0.011612
0.068848
-0.067383
0.005161
-0.130859
-0.066406
0.148315
-0.006741
-0.115173
-0.009895
-0.020218
0.039154
-0.087341
-0.029678
-0.012619
-0.116272
0.025665
0.020935
-0.019501
-0.127197
0.078735
-0.047760
0.055359
0.127930
0.040436
-0.005306
0.015488
0.023087
-0.012764
-0.069519
0.152466
-0.101379
0.145996
0.079590
0.025955
-0.005878
-0.029968
0.017502
-0.137207
0.008034
-0.044464
0.057373
-0.143433
0.042725
-0.006882
0.019501
-0.037842
0.014915
-0.002724
-0.024231
-0.011330
-0.057220
0.076416
-0.040710
-0.082458
0.008034
0.145142
0.400391
0.004444
-0.108704
-0.046753
-0.079285
0.042450
0.253906
0.011185
-0.117554
-0.040710
-0.092896
-0.169678
0.019211
-0.009895
0.007172
-0.024811
0.030396
0.064270
-0.024811
0.025101
0.142090
0.030685
0.025375
-0.142822
0.112305
0.028534
-0.015915
-0.056488
0.020935
-0.177246
0.072144
-0.072266
0.158936
-0.014626
0.085754
0.022949
-0.076416
0.109253
-0.024811
0.070679
0.100525
0.003586
-0.036560
-0.002869
0.017639
0.081604
0.096191
-0.016068
-0.009460
0.053497
-0.003586
-0.009750
0.026672
0.131836
0.062927
-0.004875
0.053497
0.054352
0.032684
0.062378
0.102539
-0.052612
0.019226
-0.032257
-0.130127
-0.043579
0.135864
0.223633
0.111084
0.047211
0.030548
-0.035248
0.123474
-0.020081
0.148438
-0.120239
-0.039734
-0.124084
0.040161
-0.001923
0.101868
-0.043152
-0.055115
0.000427
-0.005554
0.029053
-0.021149
-0.066833
-0.005768
-0.045288
-0.004272
-0.071533
0.068542
-0.062988
-0.086914
0.068542
0.030121
-0.043579
-0.172974
0.058960
0.200562
0.089905
0.006836
-0.047424
0.014313
0.103149
0.029694
-0.036530
-0.001495
-0.145630
0.035889
-0.001068
0.052765
0.043579
-0.034393
0.013885
0.011749
-0.008118
-0.029480
0.199707
0.009186
0.106995
-0.024139
0.034180
-0.010681
-0.103394
0.068787
-0.013672
0.029053
-0.016663
0.063416
-0.010681
-0.038239
-0.169800
-0.080750
-0.021576
-0.031616
-0.062164
-0.004486
-0.091187
0.141235
0.046783
-0.042938
0.022003
0.047424
-0.059174
-0.040802
-0.043793
0.046570
-0.087158
-0.174561
0.210449
-0.031616
0.055969
0.055756
0.040161
-0.069824
0.111084
0.041870
0.184326
0.004700
0.163574
-0.101440
0.062805
0.156738
-0.058105
-0.024567
-0.004700
-0.052765
0.020935
0.108948
-0.172852
0.013245
-0.185425
-0.061310
0.011108
0.319336
-0.051270
-0.039307
-0.058105
0.022858
-0.000214
0.020508
-0.018372
-0.032257
0.214233
0.083313
0.095032
0.057251
0.101685
