shape: [b:1, f:1, x:2, y:64, z:1, w:1, u:1, v:1, g:1] (count: 128, addr: 0xffffaaad573f6c00, original format: bfyx)
0.001650
-0.018433
0.000240
-0.017914
0.001995
-0.015823
0.002777
-0.017639
0.003115
-0.018799
0.000727
-0.017761
0.001816
-0.016388
-0.000058
-0.018906
0.001526
-0.016327
0.000708
-0.016235
-0.001173
-0.017075
0.003944
-0.015617
0.003126
-0.018265
0.001287
-0.016479
-0.002213
-0.019867
0.002653
-0.017197
0.000276
-0.016510
0.001416
-0.018845
-0.000361
-0.019669
0.001087
-0.018814
0.001118
-0.016510
0.002234
-0.018768
0.003126
-0.018265
0.002886
-0.016754
-0.002041
-0.020340
0.001633
-0.018265
0.000787
-0.015976
0.001141
-0.017670
-0.000904
-0.017792
-0.000127
-0.019882
-0.000904
-0.017792
0.000283
-0.020676
0.001209
-0.018539
0.000177
-0.019104
-0.001310
-0.016327
-0.002041
-0.020340
0.002777
-0.017639
0.001902
-0.019165
-0.001219
-0.018494
0.001816
-0.016388
-0.000127
-0.019882
0.000664
-0.019196
0.001005
-0.017929
0.001863
-0.020370
0.001118
-0.016510
0.002886
-0.016754
0.001087
-0.018814
-0.002041
-0.020340
-0.001211
-0.019379
-0.001173
-0.017075
0.001643
-0.017517
0.003944
-0.015617
0.002487
-0.017075
-0.000831
-0.020538
-0.000084
-0.018906
0.001959
-0.017853
0.001005
-0.017929
0.001005
-0.017929
0.001841
-0.016052
-0.001211
-0.019379
0.001087
-0.018814
0.004139
-0.018341
0.000017
-0.017700
0.000901
-0.018677
