shape: [b:2, f:128, x:1, y:1, z:1, w:1, u:1, v:1, g:1] (count: 256, addr: 0xffffaaad573be000, original format: bfyx)
0.080078
0.094727
0.043365
-0.020660
0.074219
-0.013344
-0.021774
-0.020493
-0.012390
-0.047028
0.065918
-0.037964
-0.098206
0.152832
0.126343
-0.089294
-0.180786
-0.038452
-0.068176
-0.032410
0.002066
-0.151123
-0.067078
-0.130249
0.251953
0.061646
0.203979
0.004292
-0.053070
0.023514
-0.095154
-0.093567
0.081360
-0.166870
0.034485
0.043549
-0.044342
0.075317
0.096313
-0.033844
0.035736
-0.015091
-0.069580
-0.084839
0.045441
0.009537
0.032410
0.148438
0.019699
-0.047821
-0.107544
-0.025101
0.055450
-0.192261
0.056396
-0.179810
-0.097717
-0.001748
-0.056244
0.038757
-0.199219
-0.005718
0.005562
0.075623
0.042114
0.042755
0.007942
-0.147095
0.110413
0.081970
0.136353
0.040680
-0.052582
-0.010643
0.029236
-0.041321
0.180176
-0.072449
0.103149
-0.039093
0.013504
0.026382
-0.103271
-0.041779
-0.042267
0.010170
-0.001112
0.058624
0.012077
0.057190
0.192627
-0.047028
0.140503
0.037018
-0.014618
-0.132690
0.107422
0.107727
0.076721
0.217529
-0.077881
-0.001589
0.025269
-0.039093
-0.082458
-0.026855
0.008102
0.042114
0.002859
-0.056549
-0.024780
0.009689
0.026382
0.111389
0.093567
-0.100708
0.156250
-0.000318
0.014458
-0.145508
-0.071655
0.187622
0.080872
-0.035126
-0.019547
0.086304
-0.015884
0.002701
0.013153
-0.085815
-0.269531
-0.084473
0.075439
0.128052
0.152832
0.025940
-0.036865
0.039642
-0.213867
-0.047424
0.094849
-0.201294
0.060608
0.111389
0.004631
-0.019821
-0.198975
0.065613
0.051880
0.048187
-0.182739
0.014450
0.151611
-0.009079
0.009453
0.070984
0.041504
0.103394
0.037994
0.057068
0.009079
-0.037811
-0.075256
-0.042236
-0.158813
0.139526
-0.074890
0.079712
0.086365
-0.082092
0.058014
0.027802
0.007782
0.116943
-0.016495
0.137329
0.022614
0.039825
0.009079
0.101379
0.047241
0.037628
0.035950
-0.007225
-0.010193
0.121948
-0.077087
0.166748
-0.059845
-0.013153
-0.079468
0.061890
0.010933
-0.058563
0.042816
0.037628
-0.002779
0.002409
-0.083923
0.098938
0.026505
0.003891
-0.012230
-0.107849
0.108582
-0.109497
0.081177
-0.014267
0.035767
-0.029648
-0.012604
0.007965
0.005745
0.046692
-0.028900
0.084900
-0.023529
0.048370
-0.067627
-0.056152
0.003891
-0.068909
0.096924
0.046509
-0.003891
-0.061707
-0.006115
0.200562
0.108215
0.053375
-0.121216
0.066345
-0.007782
0.159546
0.071533
0.080444
0.062256
0.045776
0.057251
-0.062073
-0.068359
0.087830
-0.047821
0.006302
-0.020386
0.006115
0.101013
-0.000185
-0.108582
0.027054
0.005005
-0.338135
0.185303
0.055786
-0.025940
0.018158
