shape: [b:2, f:1, x:1, y:128, z:1, w:1, u:1, v:1, g:1] (count: 256, addr: 0xffffaaad573be000, original format: bfyx)
0.101624
0.061218
-0.064331
0.002159
-0.223877
0.075439
-0.185303
0.012955
-0.130737
0.061523
-0.051361
0.023590
0.027908
0.034393
-0.017120
0.036255
0.062317
-0.087280
0.041321
0.069702
0.000925
0.117798
0.079285
0.024368
0.087463
-0.013878
-0.038391
-0.005859
-0.018509
-0.248779
-0.214355
0.045807
0.039001
0.414307
-0.015266
0.096252
0.079712
-0.070801
0.073242
-0.087158
0.015884
-0.033478
0.075439
0.026062
-0.049042
0.072144
-0.005707
-0.139282
-0.166504
-0.026215
0.125122
0.008484
0.023590
-0.004471
0.036255
0.025909
-0.132812
-0.029770
-0.068909
0.045197
-0.047028
0.010796
-0.008171
-0.024979
-0.016647
0.042267
-0.202759
-0.045807
0.058289
0.004471
-0.102539
0.080933
-0.017731
0.045044
-0.002468
-0.009712
-0.020050
-0.049957
0.043945
0.060303
-0.054443
-0.007557
0.051361
-0.010025
-0.091736
0.017273
-0.012802
-0.069702
0.023285
-0.022980
-0.041016
0.050903
0.093323
-0.032074
-0.040863
0.124939
-0.109009
0.020813
0.178589
-0.041016
0.068481
-0.091614
0.000309
-0.073730
-0.096985
-0.041321
-0.139282
0.009254
-0.010025
0.028992
-0.003855
0.127563
-0.048889
0.035767
0.086365
-0.068298
0.089905
0.042114
-0.120422
-0.213623
-0.079285
0.049347
-0.125488
-0.029770
-0.111816
-0.136597
-0.036255
0.065247
0.118164
0.182373
0.096130
-0.035095
-0.089600
0.049042
-0.189087
0.002645
-0.016403
-0.012695
0.002117
0.100525
-0.084290
-0.095947
-0.056610
-0.055725
-0.001234
0.036682
-0.120789
-0.104065
-0.048492
0.086792
0.038269
-0.049011
0.014816
0.054504
-0.166992
-0.033508
-0.012695
0.078491
0.119751
-0.096313
0.048676
0.058014
-0.019226
0.058380
0.151001
-0.015518
-0.065247
0.003527
0.152344
0.011642
0.161743
0.140869
-0.051849
-0.045502
-0.248169
-0.138672
-0.034027
-0.005642
-0.073181
-0.085327
0.160645
-0.002821
-0.019745
-0.007408
-0.040741
0.015518
-0.008469
-0.125732
-0.007229
-0.000353
-0.066833
-0.009346
0.087097
0.110046
-0.039490
-0.098755
-0.039856
0.044434
0.053253
0.202148
0.051849
-0.019928
-0.004410
0.149414
0.038635
-0.184814
0.075317
-0.022400
-0.001587
-0.037048
-0.058563
-0.019745
0.033325
-0.061188
0.080078
-0.029800
0.070007
0.216553
0.010582
-0.071960
-0.014107
-0.048157
-0.003351
0.096130
-0.006527
-0.129272
-0.047272
-0.129028
0.096619
0.030869
-0.165894
0.000705
-0.076355
-0.125732
-0.073364
0.005997
-0.021698
0.113586
-0.022751
0.056091
-0.119202
-0.096985
-0.006527
0.217285
0.028214
0.063843
0.180542
-0.035461
0.132080
-0.048492
-0.033691
-0.038971
-0.036499
-0.076172
0.019928
-0.131348
