shape: [b:2, f:1, x:1, y:128, z:1, w:1, u:1, v:1, g:1] (count: 256, addr: 0xffffaaad573be000, original format: bfyx)
-0.065125
0.006615
-0.047119
-0.116882
0.178101
0.078552
-0.090576
-0.088257
-0.031082
-0.070618
0.002975
-0.034210
-0.026459
-0.057373
-0.023315
0.031082
-0.113770
0.136108
-0.048279
0.022324
0.003141
0.057220
0.056366
-0.042480
0.051422
0.018021
0.008766
0.073242
-0.046112
-0.277344
0.109924
-0.116089
-0.138062
-0.271484
0.050262
-0.006283
-0.005787
0.078674
0.105347
-0.081482
-0.049774
-0.116211
-0.075073
-0.038025
0.012070
0.003803
0.031403
-0.135376
-0.024307
0.027603
-0.004299
-0.015541
0.010086
-0.037048
-0.010750
0.076904
0.021652
0.022156
-0.005623
-0.009262
0.045135
-0.094055
-0.063843
-0.060181
-0.032227
-0.088928
0.012238
0.057861
0.012238
-0.059692
0.029266
0.049591
0.408691
0.105957
-0.077393
0.033234
-0.171387
-0.157715
-0.092224
-0.000827
0.062012
-0.082825
-0.069092
0.081848
-0.075745
-0.012733
-0.017365
0.090759
0.189819
0.082031
-0.038513
-0.019836
-0.018021
-0.017532
-0.020508
0.121216
0.047272
0.069458
0.019516
0.235229
0.110474
0.042816
-0.017685
0.086487
-0.004795
-0.016861
-0.087280
-0.052917
0.058044
0.004959
0.119568
-0.010582
-0.039520
0.131592
-0.006119
-0.108459
-0.176514
-0.025787
-0.005455
-0.080322
-0.109924
0.041656
-0.049774
-0.032745
-0.051758
0.014381
-0.010910
0.008430
-0.033234
-0.233276
0.115906
0.042664
0.040161
0.018066
0.240967
0.066101
0.029602
-0.064758
-0.112610
-0.011528
-0.125122
0.019791
0.012299
-0.132568
-0.062622
-0.004803
-0.083008
-0.032471
-0.016144
0.032867
-0.030563
-0.030563
-0.193115
-0.044769
-0.059967
-0.020172
-0.032684
0.121277
-0.042847
-0.026718
0.071655
0.051880
0.168579
-0.048615
0.069214
0.108215
0.130859
-0.008453
0.024979
-0.053040
0.041138
-0.132080
0.055939
0.239258
-0.074158
0.017487
-0.084961
0.242188
0.031311
0.026321
-0.027863
0.029022
0.032288
-0.027100
0.011337
-0.082458
0.083008
-0.052277
0.036499
0.002882
0.176270
-0.089172
-0.041504
-0.030945
0.089722
0.033447
0.113586
0.030945
0.105103
-0.035156
-0.008263
0.002691
-0.053040
0.057648
-0.176758
-0.166382
0.080688
-0.058411
0.024979
0.053802
0.067627
-0.066101
-0.161255
0.017868
-0.058411
0.085876
-0.063232
-0.060730
-0.024216
0.068604
-0.011337
-0.071289
0.029022
0.053223
0.038635
0.005573
0.056122
0.070740
0.126831
-0.072632
0.131104
-0.004997
0.015373
0.125122
0.028824
0.073792
-0.045532
0.127563
0.042267
-0.073242
-0.059570
0.078003
0.104919
-0.135620
0.093811
0.187012
-0.019608
0.042664
0.045166
-0.097229
-0.164062
0.171631
-0.032104
-0.025940
-0.037292
0.105530
