shape: [b:2, f:128, x:1, y:1, z:1, w:1, u:1, v:1, g:1] (count: 256, addr: 0xffffaaad573be000, original format: bfyx)
-0.127808
0.102844
0.092163
-0.021301
-0.138062
-0.003019
-0.065002
-0.088074
0.049103
0.050079
-0.001271
-0.128418
-0.025436
-0.073120
0.065308
-0.009056
0.017014
0.076294
0.016205
0.012077
-0.018280
0.153809
0.040527
0.067566
-0.017960
0.061340
0.065186
-0.052917
0.043701
0.388428
0.074890
-0.225220
-0.004768
-0.158813
-0.059906
0.077698
0.083130
0.066589
-0.019073
-0.012238
-0.051971
-0.155640
-0.106812
-0.025909
0.001907
-0.030670
-0.008904
-0.144531
0.018600
0.074707
0.020340
-0.011604
0.028610
-0.024643
-0.035767
0.004292
-0.068054
-0.021454
0.059296
0.042755
-0.252930
-0.025589
0.026382
0.008583
-0.000795
0.028458
-0.057220
0.200317
-0.010490
0.108582
-0.105347
-0.003338
0.013985
0.060547
-0.064026
-0.054840
0.027969
-0.152954
-0.175781
0.015900
-0.069458
-0.151367
0.063110
0.052124
0.039886
-0.051819
-0.070557
0.091736
-0.108582
-0.083435
0.120300
-0.039246
-0.016052
-0.013672
-0.086609
-0.034973
-0.050385
0.053253
0.029556
-0.077576
-0.085205
-0.124939
0.051025
-0.032104
0.016846
-0.010010
0.089783
0.026230
0.005085
-0.052765
-0.008583
-0.121399
0.069275
0.126221
0.096313
-0.015900
-0.051025
0.012077
-0.025436
-0.217285
-0.153564
-0.194824
0.015579
0.057373
0.049591
0.083435
0.032898
-0.012077
0.061707
-0.054993
-0.078613
0.131348
0.037018
-0.001250
-0.103882
0.062042
0.007656
0.035767
-0.007187
0.092041
-0.035950
0.115784
-0.023590
0.018280
0.068420
-0.029373
-0.103455
-0.015930
0.025940
0.008904
0.351807
0.054230
0.060791
-0.029221
-0.022034
-0.089050
0.008751
0.007500
-0.042511
-0.183472
0.003437
0.130493
0.149170
-0.019836
-0.072021
0.016251
0.341553
-0.009377
0.015625
-0.051544
-0.127075
0.260254
0.089539
0.103760
0.113464
0.080750
-0.070435
0.021881
0.035767
0.002031
-0.018906
0.023911
-0.071533
0.009529
-0.111267
-0.079041
0.097351
-0.014374
0.064697
0.033905
-0.026871
0.044220
-0.015778
0.038422
0.026871
0.110596
-0.033264
0.029373
-0.091553
-0.044067
0.027344
-0.009377
0.019836
0.023911
0.075806
-0.191895
0.004375
-0.005779
0.053741
0.039368
0.019211
0.084839
0.036102
-0.178223
0.022034
0.088928
0.049225
-0.040009
0.021255
0.062805
-0.005157
-0.201416
0.027496
0.044830
0.058136
0.033752
-0.215454
-0.079346
0.011246
-0.066406
-0.046082
0.018127
-0.057343
0.052032
-0.008751
0.064392
0.098755
0.119507
0.030930
-0.114075
0.146606
-0.052490
0.017975
0.030624
0.021255
-0.104553
-0.032654
-0.006248
-0.167114
-0.018585
-0.119690
0.146851
0.022034
0.062683
0.061859
0.016098
