shape: [b:2, f:128, x:1, y:1, z:1, w:1, u:1, v:1, g:1] (count: 256, addr: 0xffffaaad573be000, original format: bfyx)
-0.009148
-0.097107
0.026505
-0.125854
0.188843
0.015244
-0.090515
-0.115662
-0.036835
0.038177
0.077637
0.121521
0.162964
-0.088379
-0.030472
0.106445
-0.033936
-0.049286
-0.064148
-0.033264
0.029282
-0.020279
-0.024918
0.035248
0.164673
-0.078979
0.076477
-0.043060
0.089478
0.014442
-0.129028
-0.031403
-0.068787
0.077271
0.020142
-0.004772
0.019608
-0.110107
-0.045319
-0.059113
0.077271
0.275146
-0.109192
0.008881
-0.017761
-0.013123
0.021072
0.044006
-0.154541
-0.281738
-0.001855
0.066772
-0.016434
0.009544
-0.003578
0.042145
0.035370
0.017365
-0.087036
-0.028091
-0.021606
0.091064
0.019348
0.088257
0.028885
-0.126099
-0.114502
-0.039368
0.074768
0.290771
-0.188110
0.045990
-0.122986
0.080444
-0.056335
-0.118896
-0.017883
0.004639
-0.018555
-0.112488
0.014839
-0.014313
0.113953
-0.086670
0.012589
0.068665
0.005566
-0.037384
0.041870
0.003975
-0.100342
-0.020004
0.117676
0.003578
0.020279
0.097534
-0.004639
0.038300
0.039490
-0.080688
-0.038574
0.008743
-0.014977
-0.023590
0.285645
0.081787
-0.154663
-0.006889
0.052734
0.003975
-0.108948
0.035919
-0.108826
-0.048889
0.111084
0.002386
-0.049835
-0.104797
-0.075134
-0.129761
0.078308
0.042938
-0.047852
-0.023193
-0.055267
0.082947
0.067871
-0.048767
0.200317
0.219604
-0.042542
-0.005299
-0.117920
0.137695
0.309570
0.032471
0.057922
0.035187
-0.073792
-0.010254
0.018112
-0.047668
0.049561
-0.063904
-0.036896
0.011452
0.176514
-0.019989
0.007519
-0.090759
-0.011276
0.032806
-0.099304
0.065125
0.067322
-0.033844
-0.102356
0.048187
-0.039642
-0.053650
-0.012306
-0.217041
-0.086792
0.051788
0.011276
-0.022903
-0.029388
-0.010765
0.040497
0.071228
0.067993
-0.124207
0.067688
-0.099304
-0.045288
0.036407
0.043243
0.192871
-0.111755
-0.084778
-0.143555
0.020676
0.004101
-0.013161
0.073120
-0.080505
-0.054840
0.140503
-0.001880
-0.016571
-0.082703
-0.032990
0.064270
0.061676
-0.000854
-0.146973
-0.026489
-0.080627
-0.149536
0.042389
-0.065613
-0.024429
-0.053314
-0.002392
0.104919
-0.017090
-0.107483
-0.062195
0.036743
-0.027344
0.168335
-0.055695
0.032806
0.067810
0.098450
-0.016922
0.104553
0.096741
0.030243
0.044586
0.013329
-0.000342
-0.077759
0.094482
-0.013329
0.088501
-0.215820
-0.123535
-0.131714
0.090210
-0.070251
-0.062195
-0.025467
0.034180
0.017776
0.005810
-0.111572
-0.042206
-0.037750
0.029739
0.002733
0.035370
0.011276
-0.065979
0.082214
0.062378
-0.155273
-0.123901
-0.150024
0.040680
-0.044586
0.081482
-0.050079
0.007347
0.232056
-0.063904
