shape: [b:1, f:64, x:1, y:2, z:1, w:1, u:1, v:1, g:1] (count: 128, addr: 0xffffaaad574fc400, original format: bfyx)
10678.873047
12686.424805
8209.933594
9188.618164
6731.510742
6302.346191
5871.434570
5568.501953
5740.898926
5944.710938
6562.924316
6409.556152
6370.465820
5542.031738
5896.897461
6296.080566
5213.575195
6764.822266
4704.033203
5290.775879
5322.425293
4942.382324
5514.008301
4986.828613
5058.968262
5916.294922
5455.812988
5988.801270
6443.890625
4562.134766
5577.384277
5282.843262
5778.989746
5373.561035
5598.472168
5525.709473
5083.880371
5795.271484
5295.512695
5464.691406
5468.053711
5354.762695
5189.022461
5427.715332
5060.815430
5484.162598
5393.841309
4855.583984
6226.517578
5716.744629
5421.995605
5887.220703
5140.458496
5424.313477
6177.947266
5499.486328
5813.863281
5468.200684
6072.288574
5157.284180
5373.468750
6212.488281
5791.292480
5173.513672
5819.814941
5842.198242
6447.940918
5896.979004
5627.340332
5429.160645
6197.920410
5839.892578
6389.116699
5851.928223
5897.141602
5313.920898
5872.955078
5789.857910
7347.427246
5929.663574
6157.367676
6517.739258
5462.279297
5688.458008
5165.574707
5121.050293
6029.887207
5364.021484
6239.609375
5324.297363
5376.612793
5513.685059
5799.515137
5455.861816
6110.413574
6077.770020
5937.018066
6021.771973
5321.520508
5199.252441
5904.000488
5092.130371
5941.622070
5933.864258
5204.593262
5588.750977
5628.589355
5145.063965
5422.297852
5246.995117
5337.734375
5851.250000
6337.226562
5405.083984
5285.353027
5408.320312
5577.162598
6221.357910
6550.944336
6510.387695
6245.900879
6153.675781
5273.981934
5800.863770
5897.484863
5786.991699
4886.604492
5731.620117
