shape: [b:2, f:1, x:1, y:128, z:1, w:1, u:1, v:1, g:1] (count: 256, addr: 0xffffaaad573bde00, original format: bfyx)
0.112915
-0.002630
-0.067383
-0.022018
-0.004765
0.110596
-0.043701
-0.003780
-0.006573
-0.033508
-0.033844
-0.010513
0.040741
-0.057526
-0.094788
-0.018738
-0.065735
0.021194
-0.053741
-0.082642
0.016754
0.082153
0.006573
-0.008049
-0.062286
0.012489
0.094971
-0.195679
0.076111
0.066406
-0.067688
0.004601
0.051605
-0.012489
0.058014
-0.003780
-0.058502
0.243164
0.028427
-0.008545
-0.013474
-0.127075
0.156616
-0.084106
-0.027939
-0.046661
-0.172363
0.177856
-0.053558
0.041748
0.101257
-0.033356
0.077209
-0.056366
0.065430
0.100586
-0.080383
-0.083984
0.193726
0.100891
0.168091
0.011993
-0.041077
0.000329
0.073303
-0.081177
0.111267
-0.130859
0.303467
-0.051270
0.054718
0.046356
0.029083
0.121582
-0.104980
-0.001479
0.184326
-0.016754
0.015450
0.036652
-0.068054
0.068848
-0.028915
0.024490
-0.041077
0.043060
0.061310
-0.090698
-0.052582
-0.119629
0.151855
-0.004765
0.045685
0.020874
0.008377
-0.028107
-0.113708
-0.064270
-0.154785
-0.042725
-0.010849
-0.007397
0.149536
-0.000493
-0.049957
-0.035004
0.046509
-0.123901
0.243896
0.025314
0.170410
0.058655
0.009201
-0.114563
0.131470
0.028259
0.027603
-0.046021
-0.019226
0.003944
0.011009
-0.020370
0.151855
0.010025
-0.090515
-0.067200
0.126343
-0.104980
0.088257
-0.023926
-0.012932
0.104919
0.059906
-0.117126
0.023773
-0.017990
0.191162
-0.015900
0.006836
-0.062866
-0.040283
-0.073120
-0.029419
0.029434
0.154297
0.022736
-0.001189
0.146362
0.002676
-0.082764
-0.071167
0.045776
0.026459
0.046509
-0.092896
-0.166016
-0.012184
0.006687
0.108948
0.016800
-0.040436
0.032562
-0.016205
-0.075073
-0.084534
0.041626
-0.120850
0.021408
-0.056183
0.200439
0.184570
0.201050
0.144287
-0.049927
-0.152466
0.045044
0.152588
-0.030762
-0.046082
0.053955
0.079346
-0.002823
-0.079041
-0.023636
0.031067
-0.013969
-0.190430
0.001338
0.095703
0.014267
0.217529
0.005501
-0.043854
0.032257
0.022003
0.023041
-0.048157
-0.104492
-0.013229
0.052612
-0.030762
-0.023331
-0.016647
-0.050385
-0.151245
0.009811
-0.122009
-0.140259
0.048889
0.056915
-0.023926
0.022446
-0.090088
-0.008026
-0.028687
-0.145996
0.050079
0.028976
-0.375732
-0.066895
0.043396
-0.165405
0.057068
0.191040
-0.120544
-0.035980
-0.018875
-0.006985
0.053070
0.099304
0.031647
-0.043091
0.008766
-0.125122
-0.047394
0.069580
-0.000297
-0.000446
-0.047546
0.072693
0.056030
-0.006390
-0.064941
-0.072388
0.018723
0.031067
0.026901
-0.014267
0.052032
0.135864
0.018570
0.005054
-0.120544
0.056763
-0.076233
0.083984
