shape: [b:2, f:128, x:1, y:1, z:1, w:1, u:1, v:1, g:1] (count: 256, addr: 0xffffaaad573be000, original format: bfyx)
0.049469
0.117004
0.053772
0.180298
-0.167358
0.028625
-0.111145
0.019592
-0.002361
-0.001529
0.016678
-0.124756
-0.015976
-0.035980
-0.022507
-0.013474
0.037109
-0.192139
-0.099609
-0.023346
0.042786
-0.011116
-0.028061
0.007919
-0.099060
0.007088
0.028625
-0.059052
-0.021393
0.165894
-0.168579
0.037109
0.020844
0.094360
0.058899
0.023346
0.054199
-0.012230
-0.018753
0.042114
0.018341
0.113403
0.032379
0.040161
0.005836
-0.067261
0.061829
0.034729
0.024170
-0.043915
0.010696
0.029739
0.024033
-0.004169
0.044037
-0.024872
0.077515
-0.052368
-0.113770
-0.048492
0.068481
-0.027649
0.004448
-0.018066
-0.022919
-0.096863
0.496338
0.172119
0.098511
-0.015839
-0.092529
0.013893
0.295166
0.044037
-0.070007
0.002501
0.011391
-0.007782
-0.016678
0.167969
0.020004
-0.021118
-0.029312
0.007088
0.062103
0.042511
-0.045563
0.030426
-0.110046
0.021118
-0.095337
0.126709
0.004585
0.033203
-0.029449
-0.138428
0.105591
-0.032928
-0.025848
-0.016953
-0.045013
-0.006531
0.010834
-0.006390
-0.029037
0.104065
0.137085
0.035858
-0.011116
-0.018066
0.079590
0.104492
0.137085
-0.045166
0.181519
-0.013756
-0.160767
-0.011116
0.005695
-0.131958
0.026962
-0.065857
0.045441
0.015701
-0.070190
0.099609
0.049469
-0.035980
-0.058655
-0.090942
0.100525
-0.042480
0.160156
-0.106323
0.078369
-0.030518
0.020340
-0.056458
-0.083984
0.067200
0.142456
0.060242
-0.013565
-0.124268
0.019943
0.034912
-0.046875
-0.025528
-0.002394
0.007179
-0.018555
0.031311
0.056458
0.032501
-0.017548
0.047485
-0.140869
0.111511
0.060242
0.010574
0.013763
-0.000798
-0.018951
0.054443
-0.190918
0.078186
0.036896
0.004787
-0.226562
-0.100708
-0.003391
-0.109680
0.026535
-0.032104
0.012764
-0.052856
0.044098
-0.095947
-0.019943
0.227783
0.134033
-0.001595
-0.003391
-0.026337
-0.025528
-0.176758
0.038910
0.043091
-0.012367
-0.046875
0.072205
0.007179
0.108337
-0.017960
0.020340
-0.028320
-0.029327
-0.048279
0.071838
0.008774
0.038086
-0.005386
-0.066406
0.050079
-0.037109
-0.135986
-0.015961
-0.013168
-0.011368
0.022934
-0.013763
0.155396
-0.047485
-0.098145
-0.029327
0.032928
0.042480
-0.225952
-0.016159
0.073181
0.179321
-0.161743
-0.019547
0.081787
0.136841
0.038696
0.026733
0.180176
-0.303223
0.071838
-0.121094
-0.132812
-0.047272
0.147827
-0.019348
0.049286
0.137207
-0.063660
0.059235
0.021942
-0.095520
-0.036896
0.211060
-0.061432
-0.039703
0.081970
0.070618
-0.081177
0.060638
0.042877
0.057434
0.125488
0.036316
-0.014961
-0.094727
0.121887
