shape: [b:2, f:1, x:1, y:128, z:1, w:1, u:1, v:1, g:1] (count: 256, addr: 0xffffaaad573be000, original format: bfyx)
-0.024307
0.062408
0.008698
0.048737
0.041840
-0.093140
0.007648
-0.055786
0.005550
0.038391
0.007351
0.045288
0.005249
0.338379
0.072754
0.027451
-0.123169
0.193237
-0.142700
0.007648
-0.014099
0.071838
0.059692
-0.069458
0.034363
-0.019653
0.116272
0.037659
0.040497
0.212524
0.019501
-0.022354
0.082214
-0.080261
0.134277
0.050110
-0.031342
0.025650
0.037659
-0.004501
-0.039612
0.117432
0.168335
-0.078918
-0.010201
0.026108
-0.063599
0.074707
0.107544
-0.124817
0.022949
-0.181641
-0.042908
-0.195557
0.039001
-0.030746
-0.073059
-0.061951
0.030594
0.044861
-0.029251
0.104126
-0.040955
0.090759
0.087280
0.090149
-0.028946
0.100830
0.067810
-0.079529
0.063293
-0.019196
0.087463
0.050110
0.064636
0.011101
-0.114014
-0.132568
-0.024902
-0.019943
-0.070801
-0.004650
-0.051605
-0.012451
-0.007801
0.060608
0.208862
0.093140
-0.052490
0.008102
0.047699
-0.069153
0.079346
0.041260
-0.026855
-0.127319
0.122131
0.063477
-0.176270
-0.248291
0.027145
0.048004
-0.028793
0.057312
0.147949
0.101074
-0.080872
0.073364
-0.019501
-0.074829
-0.108276
-0.034790
0.072876
0.008553
-0.049805
-0.026703
0.066772
0.053101
-0.076050
-0.080383
-0.095520
-0.190308
0.001800
0.016647
0.061188
0.024002
0.129883
0.082825
-0.003220
0.020828
0.130127
-0.016663
-0.025375
0.135254
-0.099243
0.056458
0.035217
-0.017990
0.019318
-0.075378
0.138306
0.066284
0.008148
-0.031616
-0.000568
-0.025375
-0.119324
0.080139
0.078979
-0.014015
-0.095276
0.009094
-0.053802
0.004547
0.060791
-0.014771
-0.018936
-0.019135
0.000568
-0.089233
-0.020645
-0.074219
-0.034271
0.111206
-0.033539
-0.268311
0.409180
-0.019318
0.006439
-0.051514
0.020081
0.034851
-0.060028
0.172363
-0.082581
0.127075
0.098511
-0.016479
0.105286
0.009277
-0.080322
0.031067
0.024429
0.001137
-0.057007
0.120300
-0.071411
-0.068176
-0.064575
-0.035034
-0.126099
-0.031616
0.036163
-0.050964
0.064941
0.038452
0.009850
0.015915
0.075562
-0.149048
-0.008522
0.028976
-0.060028
-0.060791
0.112671
-0.037689
0.156860
-0.014206
-0.102661
0.059296
0.039764
0.171997
0.018188
-0.012878
0.024048
0.019135
0.085449
-0.117432
-0.065369
0.062500
-0.027084
0.002842
0.067078
0.005871
-0.092041
-0.059479
-0.050964
0.094727
0.070251
0.038818
0.214233
0.051331
0.099426
0.227661
0.072144
-0.076721
0.105103
-0.105896
-0.053406
-0.139648
-0.123657
0.019516
-0.065552
-0.141113
0.078796
-0.121948
0.165894
-0.020264
-0.011368
0.025192
0.008148
-0.012123
0.074280
-0.046021
0.009850
0.077454
