shape: [b:2, f:128, x:1, y:1, z:1, w:1, u:1, v:1, g:1] (count: 256, addr: 0xffffaaad573bde00, original format: bfyx)
0.026047
0.046112
0.043365
-0.101868
-0.089600
-0.071838
0.048248
0.043365
-0.015015
-0.160645
-0.002758
0.002144
0.017624
0.022369
-0.096375
0.060822
-0.022064
0.189331
0.145874
0.002604
-0.020981
-0.099548
-0.084534
0.042297
-0.265137
0.016083
0.112122
0.059601
0.175903
-0.022522
-0.073059
-0.209106
0.035248
-0.028183
0.030487
0.010109
-0.049927
-0.163452
0.081360
0.014709
-0.037079
-0.076294
0.088989
-0.019302
0.009346
0.043671
0.093018
-0.368652
-0.022827
0.032623
0.039215
0.017624
0.046265
-0.013634
0.100525
0.086731
0.012100
-0.024506
0.100525
-0.038452
0.093750
0.047943
-0.104492
-0.037231
0.142334
0.104187
-0.065857
-0.029724
0.033386
0.000460
-0.014709
0.058838
0.118713
0.159180
-0.000919
-0.149170
-0.090698
0.025589
0.010109
0.023438
-0.093933
-0.031097
-0.033997
-0.001072
-0.105408
-0.160645
0.060669
-0.046570
-0.003063
-0.188110
0.010109
0.038605
-0.007965
-0.068481
-0.060669
0.101440
-0.015930
0.099915
-0.076111
0.023132
-0.060974
0.004135
-0.040894
0.008423
-0.004597
0.001379
-0.024811
0.076111
0.210327
-0.102661
0.107849
-0.002451
0.064514
-0.017319
0.174927
0.057129
0.094543
0.071411
-0.005821
0.094238
0.024506
0.037384
0.099121
0.003218
-0.121765
0.074585
0.024658
-0.112427
-0.004848
-0.059174
0.051575
-0.106018
-0.000323
0.025711
-0.049469
-0.029099
0.191895
-0.013252
0.045105
0.077087
-0.186035
0.031860
-0.057373
0.135010
-0.160522
-0.029739
0.181885
-0.078064
0.016006
0.112854
0.230957
0.072571
-0.094543
0.125732
-0.060608
-0.049469
0.153198
0.003557
-0.100403
0.065979
-0.040588
-0.002264
0.055603
-0.060608
-0.035889
0.018112
-0.103455
0.086975
-0.148926
0.147949
0.011803
0.160645
-0.053009
0.004848
-0.073059
-0.016495
0.053009
0.072937
-0.052063
-0.036224
-0.124817
-0.009377
0.069702
0.005821
-0.103760
0.116699
-0.158081
-0.013092
-0.190552
0.015358
0.179932
0.007919
0.113159
-0.002264
-0.021179
-0.071106
0.012611
-0.058197
0.002424
-0.005981
0.029907
-0.003233
-0.031036
0.120911
0.253906
0.038788
0.031372
0.065613
-0.018585
-0.038147
-0.016006
0.028610
-0.031204
-0.032654
0.079834
0.084900
-0.057068
-0.029587
-0.223389
-0.192749
-0.028778
0.081482
0.014389
0.046082
-0.074219
-0.035400
-0.113342
0.113831
0.104614
0.047028
0.046387
-0.026184
-0.138550
0.009377
-0.002911
0.025864
0.064209
-0.102478
-0.189453
-0.048004
-0.049622
0.033295
-0.038971
0.067566
-0.111084
-0.109253
-0.130249
0.047699
-0.058044
0.018753
0.048004
-0.003880
0.023285
0.026505
0.021820
0.029587
