shape: [b:2, f:128, x:1, y:1, z:1, w:1, u:1, v:1, g:1] (count: 256, addr: 0xffffaaad573bde00, original format: bfyx)
0.018417
0.019394
-0.053619
-0.086182
0.161621
-0.009285
-0.047089
-0.052643
-0.023300
-0.008797
0.004398
0.022156
0.014832
-0.012383
-0.046448
-0.035522
-0.083435
-0.011078
-0.142578
-0.016296
-0.015152
-0.031464
0.082642
-0.038300
-0.126953
0.051819
0.103821
-0.001630
0.050507
-0.076904
0.028351
0.084412
-0.074646
-0.012383
0.000978
0.055420
0.009613
0.261719
0.017273
-0.091248
0.131836
-0.112427
0.060303
0.161621
-0.055237
0.053955
-0.156616
0.055237
0.121887
-0.065491
-0.065002
0.010590
0.076904
-0.015152
-0.012222
0.085205
0.088013
0.138184
-0.141968
-0.019073
0.096497
-0.100220
-0.039276
0.049713
-0.156250
0.046448
0.256592
0.052643
-0.020203
0.003910
0.089600
0.013855
0.051178
0.071838
0.094360
-0.127319
-0.088806
0.016464
0.033081
-0.073486
0.016785
0.020538
-0.122559
0.108704
0.140015
0.141724
0.112915
0.189697
-0.032745
0.107910
0.008797
-0.137817
0.050354
0.056549
-0.068420
0.045471
-0.026077
-0.104431
-0.169678
-0.125854
-0.026230
0.012871
0.015152
-0.110352
0.027054
0.156738
-0.002119
0.170898
-0.031616
0.014664
-0.015152
0.060120
0.042694
-0.022812
-0.145996
0.151245
0.061768
-0.051483
0.013199
0.133789
-0.036835
-0.115234
0.063049
0.159180
0.095337
0.078552
0.025101
0.104919
-0.063843
0.076416
0.034637
0.063843
-0.190674
0.019791
0.041962
0.028564
0.101013
-0.006382
-0.130981
0.023941
0.227539
-0.027130
-0.020752
-0.102112
-0.074524
0.031921
-0.041809
-0.164673
0.304443
-0.110291
0.064331
-0.034149
-0.131348
-0.118591
0.047394
0.197998
-0.003351
0.001595
0.073425
-0.180054
0.054565
-0.062408
0.041962
-0.155640
0.080750
0.025208
-0.044037
-0.064331
-0.021378
0.142090
-0.128174
-0.074524
0.042938
-0.059204
-0.085510
0.005108
0.171021
-0.062408
0.006065
-0.032227
-0.058258
0.029526
0.012764
-0.049469
0.022339
0.067810
-0.016113
-0.066895
0.045654
0.080261
-0.077576
0.037354
-0.008461
0.091919
0.090820
-0.015320
-0.096252
0.069397
-0.159058
0.010216
-0.122253
-0.021545
0.025208
-0.067017
0.092102
-0.070679
-0.062561
0.083008
0.071838
-0.012924
-0.029037
-0.101990
-0.052032
-0.049622
-0.005268
-0.057281
-0.018509
-0.029526
0.013885
0.162842
0.020111
0.080261
-0.024734
0.200928
-0.073914
-0.007183
-0.109619
-0.148193
-0.025208
0.057465
0.050903
-0.016113
-0.046906
-0.078369
-0.094482
0.101807
-0.004311
0.197876
-0.081055
0.123352
0.009895
-0.008934
-0.004467
0.006863
0.005905
0.077393
0.047546
0.123535
0.018829
0.006702
0.059357
0.029037
0.082336
-0.132446
0.186523
-0.071167
