shape: [b:2, f:1, x:1, y:128, z:1, w:1, u:1, v:1, g:1] (count: 256, addr: 0xffffaaad573be000, original format: bfyx)
0.042877
0.026520
0.057129
-0.011703
0.001974
0.169312
-0.134033
-0.121582
-0.054871
-0.040894
0.141235
-0.000423
-0.004089
-0.239746
-0.032013
-0.168457
0.115234
-0.194458
0.054718
0.056000
0.038635
0.124817
0.039062
0.049500
0.132446
0.028061
-0.142700
0.099304
-0.032593
0.157349
-0.078125
0.106201
0.075867
-0.189819
0.032288
0.035400
0.001128
-0.015373
-0.036682
-0.042023
0.014671
0.234863
-0.109192
-0.055573
0.008179
0.029617
0.075623
-0.072937
-0.151245
-0.043854
-0.078430
0.094666
-0.014526
-0.062469
-0.040466
0.021439
-0.106323
0.021011
0.100586
-0.051758
-0.029907
-0.070374
0.044434
0.142822
0.032288
-0.042297
0.102661
0.020035
0.107483
0.003244
-0.074890
0.066589
-0.136108
0.036804
-0.049500
-0.066833
-0.090393
-0.064758
0.142578
-0.010719
0.050507
0.040894
-0.094360
-0.181641
-0.050629
-0.074463
-0.002115
0.057556
-0.007759
-0.067810
0.059509
-0.066162
0.026657
-0.057404
-0.030472
-0.114075
0.075012
-0.000423
0.124817
-0.094482
-0.075317
0.097046
0.110413
-0.050507
-0.250244
-0.131226
-0.072754
-0.046112
-0.042877
0.028488
0.016083
0.076599
0.033417
-0.086731
0.104675
0.010300
-0.132324
0.035400
-0.018051
0.007477
-0.027084
0.033844
-0.105896
0.032166
-0.101990
0.050629
-0.127686
-0.033997
0.047333
0.064270
0.049347
0.095642
-0.004036
0.058685
0.105530
0.004192
0.038025
-0.058838
0.025452
-0.022354
-0.007919
0.243896
-0.005432
-0.156616
-0.047485
0.036316
-0.023895
-0.004658
0.019562
0.064270
0.140259
-0.016769
0.073425
0.129150
-0.005898
-0.040497
-0.106812
0.055878
-0.007607
0.099670
0.008850
0.059753
-0.031982
-0.016296
0.024841
-0.031677
0.373779
0.025146
0.125366
-0.013504
0.097961
-0.024521
0.014435
0.204590
-0.191528
-0.072510
0.051361
0.054626
-0.005123
-0.054169
-0.219360
0.031036
0.058197
-0.027466
0.070007
-0.067505
0.014282
-0.075439
0.076233
-0.007141
0.038177
-0.033691
-0.042358
0.002638
-0.080078
0.174316
0.002018
-0.004658
-0.145874
0.085083
0.029495
0.023438
0.005589
-0.051361
0.011177
0.077942
0.077637
-0.141968
-0.009621
-0.026230
0.083984
-0.138794
-0.035706
0.051849
0.065369
0.019089
0.041443
0.101379
-0.058655
0.038177
0.015213
0.012726
-0.119019
0.040192
-0.009933
-0.038330
-0.163086
-0.007450
0.064087
-0.048584
-0.092834
-0.016602
-0.050446
-0.317627
0.023590
0.004810
-0.122742
0.060364
-0.025604
-0.008224
0.162231
-0.022034
0.046112
0.046722
0.001242
0.091248
0.140991
-0.121826
-0.078979
0.041901
-0.056030
0.112976
-0.089722
0.051697
0.088501
-0.041595
