shape: [b:2, f:128, x:1, y:1, z:1, w:1, u:1, v:1, g:1] (count: 256, addr: 0xffffaaad573bde00, original format: bfyx)
-0.087158
0.035431
-0.072083
-0.043030
0.218140
0.137085
-0.035889
-0.021759
-0.076111
0.005592
0.078491
0.012428
0.035583
0.006680
-0.027039
0.121216
-0.054840
0.176147
-0.104736
-0.024704
0.016006
-0.065247
0.083740
-0.092163
-0.111389
-0.011810
0.009171
0.133057
-0.026718
0.077820
-0.070862
0.092163
0.020813
-0.009789
-0.211670
0.017715
-0.045685
0.314453
0.042114
-0.009789
0.019272
0.095276
0.053284
0.001087
0.043518
0.011650
0.013519
0.141235
-0.008698
-0.136230
-0.122131
0.073975
0.386719
-0.018173
-0.050659
-0.134399
-0.039612
-0.017868
-0.107178
0.074097
-0.052521
0.039307
-0.045044
-0.027969
-0.039459
0.128052
0.082031
-0.020813
-0.058105
-0.039612
0.070984
-0.033875
0.039917
0.001398
0.079102
0.011032
-0.022842
-0.048645
0.112488
-0.026108
-0.009476
0.029205
0.008392
-0.153687
0.161133
0.014915
-0.041626
0.030136
-0.068848
0.126221
-0.147339
0.015854
0.004196
0.086243
0.023468
0.025635
0.057495
0.021759
-0.092468
0.089172
0.010254
0.020355
0.151855
0.047241
0.011345
-0.046448
0.007458
-0.090454
-0.075378
0.157349
0.112000
0.006371
0.061523
-0.002953
0.048492
-0.011032
-0.050964
0.096313
0.079712
-0.012589
-0.059967
-0.006371
0.082947
0.011185
-0.089050
-0.112183
0.121521
-0.130615
-0.032867
-0.033661
-0.039520
0.096985
0.060883
-0.076233
-0.054840
-0.140747
-0.108643
0.008469
0.055450
-0.038910
0.092346
-0.114685
-0.077026
0.100220
0.018143
-0.019562
-0.225342
-0.033478
0.226196
0.066345
0.198730
-0.016525
0.176392
0.198608
0.063904
0.086670
-0.003830
-0.002621
0.063110
0.168579
0.039520
0.060699
0.033264
0.074219
0.040710
0.007259
0.201050
-0.040710
-0.052216
-0.061707
-0.029236
0.046356
0.012901
-0.076416
0.034271
0.058075
0.042328
0.001209
0.054443
-0.068970
0.115723
0.089539
0.008064
0.027008
-0.154785
0.022583
-0.060486
-0.013306
-0.078247
0.092163
0.160278
0.045349
0.053436
0.035065
-0.050598
-0.052216
-0.020157
-0.070984
-0.010887
-0.227661
0.053436
0.024994
0.005444
-0.121765
0.022583
-0.069580
0.048187
0.122192
0.007660
-0.056244
0.019348
0.009674
-0.075012
0.213867
-0.049988
0.010689
-0.186890
0.009880
-0.015732
0.136719
0.000202
-0.082886
-0.205200
-0.083435
-0.014114
0.033661
0.029236
-0.097778
0.007660
0.035278
-0.124573
-0.010078
-0.115112
-0.144287
0.006653
-0.060272
0.080261
-0.068726
0.157104
-0.002016
0.014717
-0.125244
0.033478
0.000403
0.020966
-0.008263
-0.043152
0.143799
0.003225
-0.129028
0.077209
-0.032471
0.011696
-0.110657
0.054840
-0.055237
