shape: [b:2, f:1, x:1, y:128, z:1, w:1, u:1, v:1, g:1] (count: 256, addr: 0xffffaaad573bde00, original format: bfyx)
0.037170
-0.058685
0.076843
0.038330
0.100708
-0.088379
0.054565
0.042633
0.014275
-0.059082
-0.073120
-0.043823
0.074158
0.067505
-0.016235
0.067078
0.091553
-0.103088
-0.041656
0.087402
-0.014862
-0.055542
-0.056915
0.069641
0.143311
0.053986
0.021713
0.020538
-0.041473
0.042053
0.060822
0.119507
0.029922
0.006260
0.047516
-0.014671
-0.021118
-0.024643
-0.024063
0.015259
0.102295
0.053802
-0.077637
-0.088806
0.117371
-0.013298
0.064941
0.165283
-0.056732
-0.037750
0.021713
0.020935
0.058868
0.042450
-0.000196
0.027573
-0.151367
0.036774
0.121460
-0.063171
-0.070435
-0.019562
-0.251221
-0.021515
0.189575
0.136963
0.105042
0.087036
-0.000978
0.030121
-0.258789
-0.034027
0.045563
-0.111877
-0.050476
-0.218994
0.062561
-0.037933
-0.068481
0.034424
-0.146851
-0.004108
0.083496
-0.030701
0.073914
-0.106812
-0.231934
-0.061035
0.006649
0.066711
-0.048126
0.120117
-0.015839
-0.065308
0.025421
-0.106812
-0.029541
-0.082153
0.042633
0.134155
-0.025421
-0.000978
0.095032
-0.000978
-0.099976
-0.015060
0.039307
-0.131836
0.085266
-0.070190
-0.070618
0.004108
0.053589
0.087219
0.115967
0.012909
-0.113464
0.090576
-0.035400
-0.001565
-0.024063
-0.153687
-0.008804
-0.006454
-0.012520
0.104431
-0.352539
-0.047913
-0.093994
0.094360
-0.000191
0.048523
-0.153809
0.105469
0.046997
-0.112671
-0.049866
0.072388
0.133301
-0.043182
-0.093628
0.090515
0.069702
-0.243774
-0.164673
0.071045
-0.010506
0.007259
-0.042603
0.134644
-0.008598
-0.055389
0.242798
-0.033417
-0.058075
0.073181
-0.123779
-0.020050
0.010124
-0.050049
0.187744
-0.067261
-0.037811
-0.116516
0.070862
-0.121277
0.096069
0.037048
-0.009361
0.055206
0.051208
-0.061707
0.035156
-0.019867
0.041443
-0.069885
-0.076416
-0.022354
0.037262
0.009743
0.044128
0.059418
-0.252686
-0.034943
-0.136719
0.058258
0.002293
0.066833
0.072754
-0.014519
-0.015091
-0.176147
-0.015671
-0.082336
-0.052917
0.018524
-0.019867
-0.089783
0.070679
-0.016235
-0.046417
-0.004204
0.026932
0.058655
0.094727
-0.066650
-0.110229
0.135010
-0.028656
0.030762
-0.010696
-0.168335
0.010124
-0.222900
0.032288
0.098938
0.025208
0.003056
0.039734
-0.088257
0.146118
-0.046997
0.026749
-0.138916
0.029419
0.080200
-0.040314
0.082703
-0.069153
-0.042603
0.031143
0.177979
0.086731
-0.020828
0.122070
-0.075073
-0.028656
-0.074890
0.018143
0.176514
0.076965
0.084045
-0.023880
-0.046234
-0.008026
0.093994
-0.058441
0.040100
-0.065125
-0.077576
0.193726
0.037445
0.055786
0.096497
0.026367
-0.051971
