shape: [b:2, f:1, x:1, y:128, z:1, w:1, u:1, v:1, g:1] (count: 256, addr: 0xffffaaad573be000, original format: bfyx)
-0.031616
0.129395
0.075745
0.001868
-0.010780
0.013939
-0.009918
0.074585
0.105652
0.007904
-0.054169
-0.082336
0.098572
0.085083
-0.020264
0.015945
0.047424
-0.207031
0.010201
-0.090088
0.007904
0.166138
0.041962
-0.041962
0.002586
-0.002155
0.331055
-0.096436
-0.054169
0.070435
-0.155396
-0.125732
0.136597
0.037659
0.153320
0.046143
0.008339
-0.013939
-0.006180
0.045563
0.039825
-0.135376
-0.025299
0.012070
0.029037
0.063110
-0.020554
0.119568
0.048279
0.035217
0.047424
-0.150635
0.081482
-0.021988
0.007618
0.069397
0.038513
-0.050018
-0.037354
0.059784
-0.155640
-0.016525
-0.009338
0.105042
-0.035339
-0.111389
0.069824
0.200806
0.039520
-0.182861
0.002874
0.084106
0.090271
-0.017822
0.123169
-0.049011
-0.119995
0.087097
-0.145630
0.185425
0.023132
-0.017395
-0.134399
0.083191
-0.015671
0.054901
-0.020691
-0.027161
-0.011642
-0.040802
-0.060791
-0.052307
-0.030182
-0.003017
0.065979
0.074463
-0.165405
0.005173
0.139038
-0.065247
-0.025589
-0.075745
-0.025009
0.107666
0.016388
0.005173
0.025864
-0.041382
-0.065979
-0.039948
-0.007618
-0.070007
0.259766
-0.103333
-0.054474
0.017532
0.099426
0.074707
-0.049713
-0.073425
0.164185
-0.093872
-0.139404
-0.027023
-0.060059
0.029037
-0.069153
-0.019974
0.156738
0.005783
0.244995
0.059906
-0.104248
-0.169922
-0.064880
0.020401
0.016861
-0.017990
0.051086
-0.097046
-0.052032
0.159302
0.027954
0.079346
0.013817
0.006104
-0.077576
0.024582
0.002249
0.084839
0.056213
0.029404
-0.085632
-0.084351
0.077759
-0.031799
0.071777
-0.088684
0.054443
-0.134277
-0.039032
0.185547
-0.010925
0.040009
0.102966
0.019913
-0.099243
0.048676
-0.040802
0.043701
0.111511
-0.188721
0.027634
0.026825
0.111633
0.078369
-0.087402
0.042725
-0.050751
-0.018799
0.048981
-0.030197
0.035675
-0.008835
-0.005463
-0.238159
-0.020721
0.148071
-0.095276
-0.032928
-0.085266
0.058472
-0.020721
-0.073242
-0.021530
-0.223633
0.075989
-0.000161
0.080811
0.068726
0.024094
0.022812
-0.115845
-0.002571
-0.026337
-0.060089
0.162598
-0.011406
0.003212
0.031952
0.151611
-0.198730
0.014778
-0.116272
-0.011726
-0.075317
-0.078247
0.115662
0.022964
0.059448
0.097656
0.154175
0.001286
-0.118225
0.076477
-0.010765
-0.179321
0.062317
-0.048340
0.130615
-0.023453
0.044983
-0.056396
-0.006908
-0.026505
0.077271
0.108582
-0.106506
0.030838
-0.087708
-0.000643
0.133789
-0.068420
-0.115479
-0.046265
0.106506
0.158203
0.082886
0.080627
0.055908
-0.081116
-0.028275
0.021530
-0.116760
0.074707
-0.011086
