shape: [b:2, f:1, x:1, y:128, z:1, w:1, u:1, v:1, g:1] (count: 256, addr: 0xffffaaad573bde00, original format: bfyx)
-0.042938
-0.072815
-0.011383
0.012032
0.100830
0.035126
-0.181396
-0.032349
0.041779
0.054138
0.079651
0.005527
-0.026672
-0.032196
-0.004551
-0.095093
0.048615
-0.145874
0.187378
-0.112183
0.023895
-0.150269
-0.064575
-0.005527
0.091858
-0.034149
-0.053650
0.256348
-0.002602
-0.129883
0.006340
-0.138794
-0.010735
0.021790
-0.041779
-0.066650
-0.011703
0.050232
-0.057068
0.079041
-0.015778
0.001951
0.166382
0.102112
0.017075
-0.085388
0.030899
0.040497
-0.030563
0.080811
0.189209
0.071228
0.068970
-0.012848
0.095093
0.092529
0.071350
0.025040
-0.093811
0.135986
-0.148804
0.028122
-0.152832
0.024872
0.062927
0.074768
-0.127319
-0.085510
-0.063232
-0.142090
0.030731
0.131348
0.014793
0.071350
-0.066162
-0.006016
0.172852
-0.016266
-0.009430
0.117371
0.060638
0.006992
-0.078674
-0.093323
0.091064
0.031052
-0.190186
-0.042267
0.000650
0.059998
-0.171021
-0.009918
0.098999
0.096069
0.006180
-0.071228
0.186523
-0.002275
0.036255
0.076721
0.004391
-0.001626
0.009758
-0.032837
-0.014305
-0.104248
-0.000163
-0.119324
0.091064
0.016266
-0.032043
-0.004066
-0.058197
0.115784
-0.083923
0.017883
0.028122
-0.052368
0.126343
0.080627
-0.038208
0.076904
-0.158081
-0.101318
-0.045837
0.127686
0.054321
0.222900
-0.024994
0.038727
0.143188
-0.047668
-0.039978
0.061920
-0.020172
-0.093323
-0.047302
0.025528
0.152466
-0.161133
0.018921
-0.032318
0.034088
0.004818
0.098145
-0.012138
0.177979
0.001785
0.012314
0.087646
0.158081
0.044617
-0.013565
0.128662
0.079041
0.102966
0.024445
-0.006783
0.093506
0.000000
0.147583
0.000893
0.050140
0.033386
-0.329346
-0.201904
0.026947
0.121033
-0.077637
0.179199
-0.158447
-0.032135
-0.035706
0.089050
-0.038025
-0.025879
0.261719
0.062103
0.079224
-0.024628
-0.062103
0.047668
0.103882
0.048737
0.080139
0.063721
-0.058533
-0.084412
0.003391
-0.073730
-0.123657
-0.153442
-0.096741
0.028732
0.115662
-0.076721
-0.121704
0.167969
0.010353
0.081360
-0.008568
-0.016068
0.022842
0.063171
-0.044617
-0.075867
0.003391
0.100830
-0.143677
0.033203
0.035156
0.000893
0.076599
0.064941
0.010170
-0.145630
0.012314
0.009819
0.099426
0.175293
0.018021
0.022491
-0.103699
0.006603
-0.056580
0.041779
-0.066956
0.045685
0.096008
-0.018204
0.034790
0.033905
-0.096741
-0.017319
-0.004105
0.026413
0.007675
-0.008743
0.067627
0.134033
0.046570
0.081726
0.133545
-0.001071
0.006603
-0.021423
-0.042480
0.087097
0.066223
-0.086548
0.089600
-0.037109
-0.027313
0.069458
0.125244
0.112427
