shape: [b:2, f:1, x:1, y:128, z:1, w:1, u:1, v:1, g:1] (count: 256, addr: 0xffffaaad573bde00, original format: bfyx)
0.061279
-0.048218
0.150879
0.084106
0.210205
0.061676
0.039948
-0.052582
0.029999
-0.030701
-0.062805
-0.053131
-0.003365
-0.003925
-0.062927
0.150024
0.055389
-0.153564
0.156494
0.052002
0.004768
-0.059723
0.039673
0.051025
0.065918
0.015701
-0.070679
-0.013039
-0.112122
0.014580
-0.027893
-0.012756
-0.088867
-0.029587
0.085632
-0.022858
0.020752
-0.000981
0.074463
0.034637
-0.056641
0.118469
0.010231
0.004906
-0.008690
-0.015839
0.013596
0.154541
0.057770
0.021317
-0.048096
-0.021866
-0.070801
0.067017
-0.032806
-0.119019
0.013039
-0.076416
-0.038269
0.023560
-0.129517
-0.072632
0.031952
-0.021866
0.111145
0.086792
-0.109192
-0.019760
0.030289
0.034485
0.015144
-0.050201
-0.078918
0.091553
0.037720
-0.014023
0.007572
-0.008553
0.021164
-0.118713
-0.083130
0.171509
0.092834
-0.146362
-0.139404
-0.037018
-0.015976
0.045135
-0.002384
-0.268555
0.180908
-0.034912
0.032257
-0.042206
0.013458
-0.041229
-0.127441
-0.010796
0.117065
-0.100220
0.047791
0.005608
0.159180
0.001262
0.075562
0.006451
0.003506
-0.162720
-0.022003
-0.040924
-0.107361
-0.014442
-0.003506
-0.017807
-0.029160
-0.020325
0.008972
0.088196
-0.103333
-0.050476
-0.034210
-0.090393
-0.010094
-0.393066
-0.059448
-0.010796
0.223877
-0.201904
-0.058807
-0.095886
0.059906
0.063843
-0.072083
-0.193604
-0.109741
0.101257
0.096191
-0.054413
-0.090637
0.012138
-0.006306
0.076294
0.004414
0.241943
0.181519
-0.000473
-0.178223
-0.000788
-0.338623
0.270996
-0.040375
0.022552
-0.046356
-0.129761
-0.056122
-0.171021
0.049500
-0.006466
-0.048096
-0.013718
-0.067932
0.033112
0.007881
-0.069397
-0.107849
0.095581
-0.153564
0.053772
0.008514
0.004414
0.068909
-0.082153
-0.071106
-0.049500
0.086731
-0.015930
0.044464
0.023651
-0.006149
0.120972
0.060394
0.102478
0.243774
-0.066040
-0.075684
0.011513
-0.019547
0.001103
0.078674
-0.033752
0.090210
-0.029648
-0.060394
-0.021133
0.038940
-0.017502
0.066711
-0.011665
-0.037201
-0.037994
-0.048248
0.025543
-0.014351
-0.004730
0.105042
0.054230
0.065430
-0.129883
0.054718
-0.041168
-0.005993
0.046844
0.018921
0.160645
-0.047943
0.026962
-0.049042
0.022385
0.081970
0.051086
0.053284
-0.079163
-0.091003
0.109741
-0.014503
-0.041626
0.019867
-0.209839
-0.127563
-0.016083
0.137085
-0.031525
-0.134766
-0.059753
0.018921
-0.064514
0.003469
0.087341
0.061035
-0.080872
0.018768
-0.002050
-0.029953
-0.045898
0.087036
-0.044159
-0.001419
-0.102478
0.118408
0.043671
0.028061
0.009621
0.056458
-0.020340
0.120972
0.034363
