shape: [b:2, f:128, x:1, y:1, z:1, w:1, u:1, v:1, g:1] (count: 256, addr: 0xffffaaad573bde00, original format: bfyx)
-0.203735
-0.054871
0.006645
0.020889
0.141479
-0.085632
-0.012527
0.026962
-0.031143
0.018036
0.029617
-0.027908
0.020508
0.019180
-0.032837
0.027145
-0.111816
-0.128540
0.281738
-0.076538
0.032074
0.135986
-0.019180
0.098755
-0.036072
0.035309
0.013672
0.041565
-0.274414
-0.061707
0.087524
0.192139
0.104797
-0.015945
0.012909
-0.115784
0.034546
-0.058289
0.066833
0.043274
-0.002468
-0.025436
-0.032288
0.078003
0.018036
-0.063782
0.156006
0.118103
-0.039673
-0.097595
-0.075195
-0.025635
0.074036
-0.035126
-0.029434
-0.010254
-0.009491
-0.070984
-0.024307
-0.057709
0.037018
-0.025818
-0.134277
0.033417
0.074829
0.052979
0.059601
-0.038361
0.050110
0.093811
-0.071411
0.004745
0.065308
0.178833
0.060944
0.266357
-0.240479
0.005886
-0.003227
0.044434
0.134766
0.054108
-0.047089
-0.124756
-0.006836
0.006645
0.141602
0.137207
-0.026199
-0.122070
-0.020309
-0.123779
0.013100
0.096252
-0.044800
0.014236
-0.023544
-0.012337
0.005695
-0.176514
-0.090576
0.100647
0.062286
-0.000569
-0.019745
0.059052
0.029053
0.003798
0.056000
0.027145
-0.062469
-0.033997
0.061127
-0.192261
0.045380
-0.040070
0.070068
0.123047
0.050507
0.031708
0.054108
-0.057343
0.035889
-0.050110
-0.120361
0.149658
-0.039490
0.043488
0.009911
0.022629
0.033203
0.133179
-0.045593
0.169800
0.034180
0.112793
0.226807
-0.009087
-0.130005
0.048218
0.020813
-0.019821
-0.025925
-0.103088
0.104736
0.006443
-0.103699
0.092163
-0.296875
0.102417
-0.171143
-0.023788
0.042938
0.026428
-0.025436
-0.027908
0.051849
-0.014862
0.062744
0.009911
0.094116
-0.051849
0.027908
0.088501
0.206665
0.160889
0.015030
0.032043
-0.011559
0.109985
0.073181
0.038971
-0.062622
-0.111328
-0.113953
0.002478
-0.098572
0.031052
-0.053680
-0.106995
0.069031
0.004128
-0.214722
0.089050
0.012550
-0.045105
0.002478
-0.003963
0.029068
-0.006443
0.125854
-0.023621
0.002974
0.041443
-0.014534
-0.058289
-0.034180
0.013710
-0.039459
-0.046570
-0.009415
-0.010735
-0.037323
0.044769
-0.171753
0.047729
0.027908
0.097473
0.084717
-0.166626
-0.019989
0.060120
0.026093
-0.034851
-0.079285
0.182373
0.088196
0.002478
-0.109009
0.268066
0.085693
-0.077820
-0.034851
-0.138916
-0.042603
0.038818
-0.003304
-0.179565
-0.016510
0.046234
0.044586
-0.070862
0.080933
0.011398
-0.043427
0.152832
-0.033203
-0.132324
-0.009743
-0.093506
-0.049225
0.005779
-0.086365
-0.031052
-0.051544
-0.078613
-0.071533
0.070007
-0.031372
0.094666
-0.042603
0.001322
0.093628
0.157715
-0.006935
-0.006275
