shape: [b:2, f:1, x:1, y:128, z:1, w:1, u:1, v:1, g:1] (count: 256, addr: 0xffffaaad573bde00, original format: bfyx)
-0.045471
0.051910
0.008835
0.137695
-0.042725
0.006813
-0.063904
-0.025406
-0.008102
0.015465
0.061493
-0.013443
0.062408
0.055420
-0.181885
-0.017120
-0.058929
-0.039032
-0.029465
0.007919
0.013626
0.065918
-0.097412
-0.007179
-0.120239
0.069763
0.084167
-0.182983
0.004971
-0.292725
0.049713
-0.160767
0.033325
-0.058746
0.025223
0.102722
-0.010681
-0.067566
0.065002
0.179565
-0.007732
0.028534
-0.040497
-0.086548
-0.041595
-0.051544
0.136597
-0.204956
-0.005154
0.042725
0.131226
-0.016754
-0.099976
0.010681
0.056519
0.096313
-0.013069
0.117493
0.062042
-0.145874
-0.041992
-0.008469
-0.177246
0.021545
0.055603
-0.004417
0.071411
-0.040497
-0.004787
-0.063904
-0.104187
-0.014542
-0.106995
0.019699
0.136230
0.062805
-0.032776
-0.087097
0.039764
-0.064270
0.071777
-0.085266
0.009392
0.099976
0.062622
0.009392
-0.074036
0.135132
0.059479
-0.135010
0.275146
0.074585
0.031113
-0.045288
-0.055603
-0.010681
-0.100891
0.011230
0.013992
0.035156
-0.009209
-0.045837
-0.004604
-0.039398
0.000736
0.131592
0.070312
0.053955
0.230713
-0.104553
-0.043823
-0.025040
0.022644
0.172729
-0.066650
-0.041992
-0.081360
0.019882
0.003130
-0.064636
0.123169
0.010124
0.066101
-0.006813
0.112305
0.043091
0.203979
0.141968
-0.089172
-0.071472
0.053925
-0.109619
-0.084412
0.009995
-0.029831
-0.010979
0.037872
0.040649
-0.003769
0.018845
-0.060150
-0.079651
-0.001147
0.094421
-0.070984
0.005245
-0.112427
0.016388
0.090332
-0.069519
0.155029
-0.041962
-0.094910
-0.076050
-0.008850
0.130127
-0.022293
0.040161
-0.162598
-0.035065
-0.041779
-0.060150
-0.024582
-0.006065
0.084106
-0.073242
0.186157
0.010651
-0.010979
0.125366
-0.042114
0.166748
-0.117859
-0.041138
-0.009506
0.043610
0.038513
-0.063416
-0.072449
0.022293
-0.202881
0.146729
-0.051147
-0.054260
0.011147
0.185425
0.010651
-0.127197
0.060486
0.074097
0.120789
-0.159180
0.076538
0.040314
-0.080322
0.009506
-0.108032
0.080994
-0.102112
0.165527
-0.001639
-0.010490
0.042786
0.001802
0.074219
-0.006721
-0.050812
0.042450
0.140991
0.039337
-0.020813
-0.015732
0.054901
-0.292725
-0.045227
-0.098022
-0.077698
-0.000656
0.012291
-0.230225
-0.051300
0.083740
-0.078186
0.029175
-0.096069
0.019836
-0.093079
0.168213
-0.105530
0.061615
-0.014748
0.118835
-0.302246
-0.042938
0.057861
0.030319
0.006065
0.039490
-0.035400
0.016556
-0.013443
0.067688
-0.059174
-0.018524
-0.093079
0.153198
-0.018677
-0.030975
-0.003769
-0.037689
0.096191
0.020981
0.083435
-0.039001
0.096191
-0.005081
