shape: [b:2, f:1, x:1, y:128, z:1, w:1, u:1, v:1, g:1] (count: 256, addr: 0xffffaaad573bde00, original format: bfyx)
-0.059692
-0.061951
0.004524
0.088928
0.054871
0.022614
0.171631
0.054443
0.006481
0.002262
-0.051270
-0.007236
-0.033020
-0.023819
-0.042206
-0.143677
0.015686
-0.061066
-0.073547
-0.191772
0.006332
-0.015686
-0.148560
-0.039490
0.127197
-0.022614
-0.068909
0.095764
0.064209
-0.152222
0.068298
0.011757
0.099670
0.007843
-0.018845
0.025024
-0.139648
0.033020
-0.024124
-0.027740
0.041016
0.085205
-0.075684
0.039337
0.052307
0.021866
-0.012962
0.145386
0.012665
0.073425
-0.079590
-0.044189
-0.025635
-0.015228
0.101013
0.172363
0.055939
0.144409
-0.052460
0.171265
-0.024124
0.080688
-0.051849
0.087463
0.080078
-0.071167
0.080811
0.140503
0.020813
-0.060608
-0.048859
-0.032867
0.002262
0.005577
0.132690
-0.000000
-0.331787
0.085815
-0.054718
0.058655
0.018250
0.082458
0.056549
0.149292
0.017639
-0.048553
0.077820
0.121948
0.010551
0.323975
-0.027145
0.019455
-0.097717
-0.002413
-0.041016
-0.031372
-0.141113
-0.025024
0.181396
0.122864
0.025177
0.012665
0.041779
0.032867
0.113403
0.047791
0.002563
-0.065002
0.022156
-0.062561
-0.183350
0.010857
-0.074646
0.045532
0.027283
0.055481
0.017792
-0.126465
-0.099182
0.095276
0.040405
0.019150
-0.049744
0.104919
-0.067688
-0.066956
-0.148804
0.054718
-0.123230
0.043732
0.006878
-0.091125
0.108276
-0.014458
0.030502
-0.074951
-0.156372
0.045319
-0.070862
-0.007935
-0.072449
0.197876
-0.002293
-0.015686
0.049011
0.050079
0.064026
0.082703
-0.319824
-0.014984
0.045837
0.023453
0.147461
-0.036865
-0.037903
-0.071228
0.083557
-0.016403
0.287842
-0.064697
0.047089
0.050964
-0.037903
0.005291
-0.224121
0.021683
0.107056
-0.018158
0.084290
-0.082520
0.065918
0.017273
0.053253
-0.057648
0.123962
-0.011108
0.008995
0.064697
0.053589
-0.092896
0.021332
-0.034393
0.093811
0.013397
-0.043732
0.108948
0.109680
0.000882
-0.085144
-0.058716
0.113403
0.053589
-0.042847
-0.069824
0.095398
0.051849
-0.120056
0.045654
-0.022217
0.070007
0.003527
-0.023804
0.029449
-0.056763
0.112854
0.056061
-0.038086
0.030502
-0.192139
0.005997
-0.007404
0.033508
0.098938
-0.020096
0.061890
-0.247559
-0.006172
0.003880
0.031372
0.124817
-0.108765
-0.012871
-0.034546
0.289551
-0.091492
0.048676
-0.020981
0.111450
-0.039856
-0.035095
-0.027328
0.034546
-0.035278
-0.082886
0.004055
0.072266
-0.020981
-0.034729
-0.071045
-0.139160
0.025574
-0.062225
0.099976
-0.032440
0.036682
-0.059784
0.064514
0.002115
0.037201
-0.111450
0.155151
-0.036865
-0.020279
-0.000705
-0.099976
-0.121643
