shape: [b:2, f:1, x:1, y:128, z:1, w:1, u:1, v:1, g:1] (count: 256, addr: 0xffffaaad573bde00, original format: bfyx)
-0.003004
0.073425
0.129272
0.003004
-0.036865
-0.042725
-0.074402
0.040710
-0.048706
0.075562
-0.056396
0.006172
-0.006508
0.050385
0.013016
-0.167725
0.044708
-0.086731
0.034027
-0.094116
0.062927
-0.082764
-0.017685
0.011345
-0.003338
0.064575
-0.103943
0.133423
0.033875
-0.231201
-0.021530
-0.298340
-0.069092
-0.036377
-0.019348
0.077576
0.066589
0.174072
-0.039551
-0.165283
-0.029861
0.043365
0.059235
-0.117126
0.045044
-0.026367
-0.022858
-0.344238
-0.017014
0.050232
0.079590
-0.143188
0.016357
0.047394
0.032532
-0.129517
-0.007008
0.013512
-0.042877
-0.018356
0.023193
-0.007675
-0.034882
-0.048553
-0.143188
-0.179077
-0.042389
-0.045715
-0.028030
0.040558
0.111450
-0.047394
-0.034698
0.031708
-0.064209
0.047394
0.066406
0.002670
0.047394
0.105103
-0.051544
0.027359
-0.043884
0.086609
0.063232
-0.128662
0.017517
0.045715
-0.012177
0.183716
0.007008
-0.122620
-0.027191
-0.091736
0.022018
-0.059235
0.017349
0.126099
-0.195312
0.019852
0.084412
0.017349
0.001835
0.038696
0.074768
0.134155
-0.083740
-0.005505
-0.025864
0.033203
-0.071594
0.044891
-0.055237
0.145630
-0.251709
-0.119629
-0.059235
0.025528
-0.094116
-0.019348
0.065918
-0.045563
0.070740
-0.026199
0.043060
0.003504
-0.113281
-0.007008
0.041168
0.038544
-0.031128
0.144409
-0.105896
-0.026840
0.021240
-0.072632
0.015480
-0.005600
-0.044800
-0.073792
0.056335
-0.002470
-0.009880
-0.080017
0.031769
0.057800
-0.002140
-0.021576
-0.156738
-0.040497
0.020096
0.039520
0.136963
0.060944
0.004448
0.133179
0.015976
0.002634
0.002140
-0.024872
-0.056824
-0.051208
-0.019928
-0.059448
-0.033112
-0.014656
-0.029144
0.002634
0.003128
-0.033264
-0.078247
-0.344727
0.105225
-0.029312
0.065735
0.023544
0.047607
0.041016
-0.082825
-0.004116
-0.076721
-0.061432
-0.076904
0.047913
-0.216919
0.083984
-0.040833
-0.042816
0.008072
0.102783
-0.170654
0.215088
-0.089417
0.049896
0.050049
0.078369
-0.181030
0.034576
0.350342
-0.137451
0.068665
-0.014984
0.013008
-0.082153
0.006752
-0.042480
-0.088928
-0.005600
-0.034088
0.044617
0.006256
-0.007412
0.025360
0.035065
0.020920
-0.024368
0.088623
-0.061096
0.059601
-0.060760
0.003128
0.122864
-0.031281
0.356445
0.026520
0.056488
0.027664
-0.073792
-0.095154
-0.067505
-0.068970
0.066711
0.012352
-0.128296
-0.038696
0.042969
0.026520
-0.073120
0.027832
-0.074951
-0.051392
0.035583
0.071655
0.057648
0.062256
0.084656
0.043976
-0.007740
0.114136
0.099487
0.061920
0.002800
0.056335
0.057648
0.172974
0.014656
