
Data:
0.500037
0.499963
0.499750
0.500250
0.500149
0.499851
0.500441
0.499559
0.498956
0.501044
0.499759
0.500241
0.499780
0.500220
0.498851
0.501149
0.501081
0.498919
0.498265
0.501735
0.499831
0.500169
0.499541
0.500459
0.499519
0.500481
0.500797
0.499203
0.499072
0.500928
0.499944
0.500056
0.500518
0.499482
0.500011
0.499989
0.500555
0.499445
0.500327
0.499673
0.500597
0.499402
0.500938
0.499062
0.499519
0.500481
0.500879
0.499121
0.499989
0.500011
0.500151
0.499849
0.500396
0.499604
0.499824
0.500176
0.501155
0.498845
0.499454
0.500546
0.501155
0.498845
0.500462
0.499538
0.500315
0.499685
0.500235
0.499765
0.500202
0.499798
0.499989
0.500011
0.500441
0.499559
0.500704
0.499296
0.500548
0.499452
0.499780
0.500220
0.499454
0.500546
0.499726
0.500274
0.499829
0.500171
0.500336
0.499664
0.500597
0.499402
0.500879
0.499121
0.500327
0.499673
0.499989
0.500011
0.501169
0.498831
0.499831
0.500169
0.499603
0.500397
0.499541
0.500459
0.499580
0.500420
0.499606
0.500394
0.500259
0.499741
0.499068
0.500932
0.499829
0.500171
0.499829
0.500171
0.499636
0.500364
0.501169
0.498831
0.500327
0.499673
0.500559
0.499441
0.500334
0.499666
0.499698
0.500302
