
Data:
0.500408
0.500166
0.500160
0.500108
0.500257
0.500058
0.500944
0.500543
0.500113
0.500012
0.500315
0.500925
0.500516
0.500322
0.500142
0.500437
0.500933
0.500252
0.500946
0.500532
0.500075
0.500349
0.500516
0.500099
0.500044
0.500085
0.500488
0.500615
0.500451
0.500562
0.500451
0.500133
0.500740
0.500267
0.500544
0.500044
0.500108
0.500455
0.500589
0.500944
0.500562
0.500070
0.500075
0.500275
0.500075
0.500099
0.500532
0.500044
0.500058
0.500315
0.501310
0.500925
0.501246
0.500318
0.500096
0.500144
0.500075
0.500075
0.500180
0.500058
0.500532
0.500444
0.501134
0.500277
