
Data:
0.500037
0.500250
0.500149
0.500441
0.501044
0.500241
0.500220
0.501149
0.501081
0.501735
0.500169
0.500459
0.500481
0.500797
0.500928
0.500056
0.500518
0.500011
0.500555
0.500327
0.500597
0.500938
0.500481
0.500879
0.500011
0.500151
0.500396
0.500176
0.501155
0.500546
0.501155
0.500462
0.500315
0.500235
0.500202
0.500011
0.500441
0.500704
0.500548
0.500220
0.500546
0.500274
0.500171
0.500336
0.500597
0.500879
0.500327
0.500011
0.501169
0.500169
0.500397
0.500459
0.500420
0.500394
0.500259
0.500932
0.500171
0.500171
0.500364
0.501169
0.500327
0.500559
0.500334
0.500302
