
Data:
-0.001146
0.000484
0.001902
0.001239
0.000704
0.000064
0.001494
0.001064
-0.000252
0.000775
-0.000222
-0.000453
0.001415
-0.002359
-0.002501
-0.000328
0.000435
-0.000017
-0.000315
-0.000265
0.000495
-0.000767
-0.002078
0.001622
0.001250
-0.000815
0.001328
0.000041
0.001462
0.000895
-0.000440
0.001309
-0.002683
0.001049
-0.000429
0.000577
0.003605
-0.000179
-0.001584
0.000543
-0.000015
-0.000317
0.000648
-0.000750
0.001250
-0.000815
0.000173
-0.000224
-0.000701
-0.000875
0.000568
0.000229
-0.000342
-0.002292
-0.001263
0.001197
-0.000737
0.001066
0.001523
-0.000725
-0.000737
0.001066
-0.000497
0.000034
-0.002968
-0.000009
-0.000027
-0.001094
-0.000416
0.001760
-0.000701
-0.000875
0.001494
0.001064
-0.002545
-0.000724
0.002552
0.000195
0.001415
-0.002359
0.001523
-0.000725
-0.000542
-0.000261
0.000005
0.000305
0.001006
0.002106
-0.000015
-0.000317
0.000173
-0.000224
-0.001584
0.000543
-0.000701
-0.000875
0.000459
0.000691
0.000495
-0.000767
-0.002404
0.002835
-0.002078
0.001622
0.001409
-0.003576
0.001836
0.000564
-0.001403
-0.001788
-0.000454
0.000121
0.000005
0.000305
0.000005
0.000305
-0.002164
-0.001444
0.000459
0.000691
-0.001584
0.000543
-0.001425
0.000351
-0.003646
0.000888
-0.000768
0.000339
