Data:
0.499307
0.499723
0.501011
0.499840
0.499485
0.499558
0.499529
0.500144
0.499998
0.499705
0.500009
0.499930
0.500098
0.500573
0.499995
0.499931
0.500047
0.499583
0.499530
0.500051
0.499013
0.499594
0.500098
0.500210
0.499499
0.499975
0.499680
0.500141
0.499664
0.499920
0.499664
0.500097
0.499869
0.499396
0.500272
0.499499
0.499840
0.500174
0.500256
0.499529
0.499920
0.499756
0.500430
0.500193
0.499013
0.500210
0.500051
0.499499
0.499796
0.500009
0.500035
0.499930
0.500045
0.500569
0.499941
0.500264
0.500430
0.500430
0.500560
0.499796
0.500051
0.500336
0.500312
0.500338
