
Data:
-0.001374
0.000735
0.000011
-0.000144
0.002268
-0.000675
-0.000825
0.000375
0.002820
0.001078
-0.001004
0.002473
-0.001150
0.001862
-0.002389
0.000658
0.000307
0.002199
0.000461
-0.000505
0.000604
-0.000188
-0.001046
0.000526
0.000138
0.000900
0.001520
0.001906
-0.000240
-0.000973
0.001395
-0.000611
-0.002030
0.000611
0.000142
0.001963
0.000791
-0.000208
0.002759
0.002065
0.002948
-0.002088
-0.000609
0.001224
0.000563
0.003027
-0.000349
0.002679
-0.000085
0.002211
0.002799
0.000035
0.000577
0.000370
0.001735
0.001820
-0.001118
-0.003128
0.001537
-0.001576
0.003300
0.001737
-0.001960
0.001104
0.000573
-0.000639
-0.000509
0.001783
0.001798
0.000500
0.002102
-0.000552
0.002514
-0.001279
0.002145
-0.001374
0.000435
0.000172
-0.001867
-0.000521
-0.000232
0.000203
0.001249
0.001784
0.001489
0.001318
-0.001728
-0.000479
-0.000085
0.002211
0.002799
0.000035
-0.000654
0.001970
0.000163
0.001541
-0.000954
-0.002956
-0.000888
-0.002047
0.001644
0.000718
0.001084
0.000034
-0.000694
-0.000128
0.000664
0.002318
0.000833
0.000227
0.001196
0.000626
0.001682
-0.001820
-0.000131
0.000509
0.000452
-0.001043
-0.001066
-0.001586
0.001682
-0.001820
-0.000131
0.000509
0.001295
-0.000632
-0.000779
-0.002378
0.000565
0.000294
0.000143
-0.000250
-0.000872
-0.000738
-0.001374
-0.000811
0.002992
-0.002226
0.000032
0.001965
-0.000954
-0.002956
-0.000888
-0.002047
-0.001150
0.001862
-0.002389
0.000658
0.001783
0.000985
0.001605
-0.000877
-0.003314
-0.002133
-0.000060
-0.000203
0.000138
0.000900
0.001520
0.001906
0.000452
-0.001043
-0.001066
-0.001586
-0.001222
-0.000252
-0.001290
-0.000899
0.000491
0.000090
0.000977
0.000362
-0.000772
0.000948
-0.001597
-0.002069
-0.000232
0.000203
0.001249
0.001784
-0.000654
0.001970
0.000163
0.001541
0.000435
0.000172
-0.001867
-0.000521
-0.000954
-0.002956
-0.000888
-0.002047
0.001508
-0.002129
-0.001046
-0.001089
0.002948
-0.002088
-0.000609
0.001224
0.002140
0.000728
-0.002146
0.000772
0.000563
0.003027
-0.000349
0.002679
0.001631
0.001571
-0.001877
0.001228
0.000638
-0.001746
-0.000405
-0.002244
0.000924
-0.001000
0.001082
-0.000614
0.000351
0.001042
-0.000729
0.000439
0.000491
0.000090
0.000977
0.000362
0.000491
0.000090
0.000977
0.000362
-0.000070
0.000925
-0.001434
0.002251
0.001508
-0.002129
-0.001046
-0.001089
0.000435
0.000172
-0.001867
-0.000521
-0.000214
0.003223
-0.000737
-0.000039
0.000966
-0.000899
0.001532
0.000599
-0.002289
-0.000014
-0.000059
-0.000387
