
Data:
-0.002773
-0.001108
0.004043
-0.000640
-0.002060
-0.001768
-0.001884
0.000576
-0.000008
-0.001180
0.000035
-0.000282
0.000393
0.002293
-0.000021
-0.000274
0.000187
-0.001668
-0.001879
0.000205
-0.003946
-0.001626
0.000393
0.000838
-0.002006
-0.000101
-0.001282
0.000565
-0.001344
-0.000320
-0.001344
0.000388
-0.000526
-0.002417
0.001087
-0.002006
-0.000640
0.000697
0.001025
-0.001884
-0.000320
-0.000978
0.001718
0.000772
-0.003946
0.000838
0.000205
-0.002006
-0.000815
0.000035
0.000139
-0.000282
0.000178
0.002275
-0.000238
0.001055
0.001718
0.001718
0.002240
-0.000815
0.000205
0.001346
0.001250
0.001353
