
Data:
0.499598
0.500522
0.499465
0.500137
0.499800
0.499448
0.500497
0.500443
0.500956
0.500020
0.500277
0.500756
0.500460
0.499052
0.499366
0.500659
0.500004
0.500162
0.500558
0.500490
0.499615
0.500641
0.500460
0.499781
0.499074
0.500557
0.499530
0.499534
0.500382
0.500306
0.500382
0.499029
0.500196
0.500204
0.500055
0.499074
0.500137
0.499875
0.499755
0.500497
0.500306
0.500128
0.500158
0.499791
0.499615
0.499781
0.500490
0.499074
0.499866
0.500277
0.500478
0.500756
0.500065
0.500182
0.500035
0.500508
0.500158
0.500158
0.499957
0.499866
0.500490
0.499950
0.499875
0.499569
