
Data:
-0.001608
0.002086
-0.002140
0.000548
-0.000801
-0.002210
0.001987
0.001773
0.003824
0.000080
0.001107
0.003025
0.001840
-0.003794
-0.002534
0.002638
0.000017
0.000648
0.002232
0.001962
-0.001542
0.002562
0.001840
-0.000876
-0.003704
0.002228
-0.001879
-0.001866
0.001530
0.001224
0.001530
-0.003884
0.000783
0.000814
0.000222
-0.003704
0.000548
-0.000498
-0.000979
0.001987
0.001224
0.000512
0.000633
-0.000837
-0.001542
-0.000876
0.001962
-0.003704
-0.000535
0.001107
0.001913
0.003025
0.000261
0.000727
0.000139
0.002034
0.000633
0.000633
-0.000174
-0.000535
0.001962
-0.000200
-0.000498
-0.001724
