
Data:
0.001651
-0.018440
0.000241
-0.017922
0.001994
-0.015823
0.002777
-0.017639
0.003115
-0.018802
0.000727
-0.017770
0.001816
-0.016390
-0.000057
-0.018907
0.001526
-0.016334
0.000708
-0.016232
-0.001173
-0.017073
0.003943
-0.015618
0.003127
-0.018262
0.001286
-0.016476
-0.002212
-0.019872
0.002653
-0.017193
0.000277
-0.016514
0.001416
-0.018848
-0.000363
-0.019671
0.001087
-0.018817
0.001119
-0.016513
0.002234
-0.018775
0.003127
-0.018262
0.002886
-0.016756
-0.002040
-0.020344
0.001634
-0.018263
0.000787
-0.015979
0.001142
-0.017670
-0.000904
-0.017788
-0.000127
-0.019883
-0.000904
-0.017788
0.000283
-0.020674
0.001210
-0.018547
0.000178
-0.019107
-0.001310
-0.016331
-0.002040
-0.020344
0.002777
-0.017639
0.001901
-0.019174
-0.001217
-0.018500
0.001816
-0.016390
-0.000127
-0.019883
0.000664
-0.019196
0.001006
-0.017934
0.001864
-0.020366
0.001119
-0.016513
0.002886
-0.016756
0.001087
-0.018817
-0.002040
-0.020344
-0.001213
-0.019385
-0.001173
-0.017073
0.001644
-0.017525
0.003943
-0.015618
0.002487
-0.017069
-0.000830
-0.020541
-0.000084
-0.018911
0.001958
-0.017858
0.001006
-0.017934
0.001006
-0.017934
0.001841
-0.016045
-0.001213
-0.019385
0.001087
-0.018817
0.004139
-0.018336
0.000017
-0.017698
0.000901
-0.018684
