
Data:
-0.000831
-0.003133
-0.000830
-0.003135
-0.000831
-0.003139
-0.000832
-0.003135
-0.000832
-0.003133
-0.000831
-0.003135
-0.000831
-0.003138
-0.000830
-0.003132
-0.000831
-0.003138
-0.000831
-0.003139
-0.000830
-0.003137
-0.000833
-0.003140
-0.000832
-0.003134
-0.000831
-0.003138
-0.000829
-0.003130
-0.000832
-0.003136
-0.000830
-0.003138
-0.000831
-0.003133
-0.000830
-0.003131
-0.000831
-0.003133
-0.000831
-0.003138
-0.000832
-0.003133
-0.000832
-0.003134
-0.000832
-0.003137
-0.000829
-0.003129
-0.000831
-0.003134
-0.000831
-0.003139
-0.000831
-0.003135
-0.000830
-0.003135
-0.000830
-0.003130
-0.000830
-0.003135
-0.000830
-0.003128
-0.000831
-0.003133
-0.000830
-0.003132
-0.000829
-0.003138
-0.000829
-0.003129
-0.000832
-0.003135
-0.000831
-0.003132
-0.000830
-0.003133
-0.000831
-0.003138
-0.000830
-0.003130
-0.000831
-0.003132
-0.000831
-0.003135
-0.000831
-0.003129
-0.000831
-0.003138
-0.000832
-0.003137
-0.000831
-0.003133
-0.000829
-0.003129
-0.000830
-0.003131
-0.000830
-0.003137
-0.000831
-0.003136
-0.000833
-0.003140
-0.000832
-0.003137
-0.000830
-0.003129
-0.000830
-0.003132
-0.000831
-0.003135
-0.000831
-0.003135
-0.000831
-0.003135
-0.000831
-0.003139
-0.000830
-0.003131
-0.000831
-0.003133
-0.000833
-0.003134
-0.000830
-0.003135
-0.000831
-0.003133
