Data:
0.499656
0.500003
0.500567
0.499794
0.500705
0.499749
0.499713
0.499403
0.500077
0.500115
0.500151
0.499738
0.500035
0.500380
0.499940
0.500349
0.499492
0.500036
0.500198
0.500690
0.500737
0.499848
0.500141
0.499913
0.499979
0.500700
0.500144
0.500434
0.499720
0.500384
0.500825
0.499510
0.500143
0.499873
0.500450
0.500526
0.500629
0.500536
0.500109
0.499533
0.499942
0.500312
0.500372
0.499568
0.499979
0.500700
0.499837
0.500041
0.499761
0.499778
0.500411
0.500271
0.499826
0.500166
0.500208
0.500299
0.500421
0.499967
0.500113
0.499733
0.500421
0.499967
0.500324
0.499805
0.500141
0.500036
0.499782
0.499657
0.500748
0.500008
0.499761
0.499778
0.499713
0.499403
0.500446
0.500401
0.499172
0.499985
0.500035
0.500380
0.500113
0.499733
0.499695
0.499678
0.500123
0.500244
0.499807
0.499601
0.499942
0.500312
0.499837
0.500041
0.500109
0.499533
0.499761
0.499778
0.500377
0.499738
0.500737
0.499848
0.500535
0.499463
0.500141
0.499913
0.500408
0.499531
0.500160
0.499899
0.500231
0.500270
0.500088
0.499818
0.500123
0.500244
0.500123
0.500244
0.499982
0.499642
0.500377
0.499738
0.500109
0.499533
0.499947
0.499816
0.500242
0.500383
0.499428
0.499985
