
Data:
0.000735
-0.000144
-0.000675
0.000375
0.001078
0.002473
0.001862
0.000658
0.002199
-0.000505
-0.000188
0.000526
0.000900
0.001906
-0.000973
-0.000611
0.000611
0.001963
-0.000208
0.002065
-0.002088
0.001224
0.003027
0.002679
0.002211
0.000035
0.000370
0.001820
-0.003128
-0.001576
0.001737
0.001104
-0.000639
0.001783
0.000500
-0.000552
-0.001279
-0.001374
0.000172
-0.000521
0.000203
0.001784
0.001318
-0.000479
0.002211
0.000035
0.001970
0.001541
-0.002956
-0.002047
0.000718
0.000034
-0.000128
0.002318
0.000227
0.000626
-0.001820
0.000509
-0.001043
-0.001586
-0.001820
0.000509
-0.000632
-0.002378
0.000294
-0.000250
-0.000738
-0.000811
-0.002226
0.001965
-0.002956
-0.002047
0.001862
0.000658
0.000985
-0.000877
-0.002133
-0.000203
0.000900
0.001906
-0.001043
-0.001586
-0.000252
-0.000899
0.000090
0.000362
0.000948
-0.002069
0.000203
0.001784
0.001970
0.001541
0.000172
-0.000521
-0.002956
-0.002047
-0.002129
-0.001089
-0.002088
0.001224
0.000728
0.000772
0.003027
0.002679
0.001571
0.001228
-0.001746
-0.002244
-0.001000
-0.000614
0.001042
0.000439
0.000090
0.000362
0.000090
0.000362
0.000925
0.002251
-0.002129
-0.001089
0.000172
-0.000521
0.003223
-0.000039
-0.000899
0.000599
-0.000014
-0.000387
