
Data:
-0.001374
0.000011
0.002268
-0.000825
0.002820
-0.001004
-0.001150
-0.002389
0.000307
0.000461
0.000604
-0.001046
0.000138
0.001520
-0.000240
0.001395
-0.002030
0.000142
0.000791
0.002759
0.002948
-0.000609
0.000563
-0.000349
-0.000085
0.002799
0.000577
0.001735
-0.001118
0.001537
0.003300
-0.001960
0.000573
-0.000509
0.001798
0.002102
0.002514
0.002145
0.000435
-0.001867
-0.000232
0.001249
0.001489
-0.001728
-0.000085
0.002799
-0.000654
0.000163
-0.000954
-0.000888
0.001644
0.001084
-0.000694
0.000664
0.000833
0.001196
0.001682
-0.000131
0.000452
-0.001066
0.001682
-0.000131
0.001295
-0.000779
0.000565
0.000143
-0.000872
-0.001374
0.002992
0.000032
-0.000954
-0.000888
-0.001150
-0.002389
0.001783
0.001605
-0.003314
-0.000060
0.000138
0.001520
0.000452
-0.001066
-0.001222
-0.001290
0.000491
0.000977
-0.000772
-0.001597
-0.000232
0.001249
-0.000654
0.000163
0.000435
-0.001867
-0.000954
-0.000888
0.001508
-0.001046
0.002948
-0.000609
0.002140
-0.002146
0.000563
-0.000349
0.001631
-0.001877
0.000638
-0.000405
0.000924
0.001082
0.000351
-0.000729
0.000491
0.000977
0.000491
0.000977
-0.000070
-0.001434
0.001508
-0.001046
0.000435
-0.001867
-0.000214
-0.000737
0.000966
0.001532
-0.002289
-0.000059
