
Data:
-0.000836
-0.000983
-0.000059
0.000942
0.000022
-0.000574
0.000378
-0.001387
-0.002499
0.001677
-0.000972
-0.000008
-0.000778
0.000102
-0.000913
0.003685
0.003023
-0.001300
-0.004641
0.002298
0.000231
0.000907
-0.002715
-0.000878
-0.001994
-0.000070
-0.000418
-0.003605
-0.002671
0.001039
0.001084
0.001310
0.001475
-0.000595
0.002690
0.002648
0.000751
-0.001470
0.001407
0.000100
-0.000135
-0.002525
0.001398
-0.002355
-0.001994
-0.000070
0.001373
-0.002141
0.001105
0.001148
-0.000819
-0.001425
-0.000886
-0.002471
-0.001406
-0.000701
0.001858
-0.002761
0.001138
0.003321
0.001858
-0.002761
0.001682
-0.000165
0.001325
0.000064
-0.000686
-0.001626
0.001257
0.000447
0.001105
0.001148
0.000378
-0.001387
0.000370
-0.002445
0.000918
-0.001275
-0.000778
0.000102
0.001138
0.003321
-0.001724
-0.000629
0.000324
0.001009
0.001937
0.000595
-0.000135
-0.002525
0.001373
-0.002141
0.001407
0.000100
0.001105
0.001148
0.003432
-0.001243
0.000231
0.000907
0.001246
0.002836
-0.002715
-0.000878
-0.001214
0.000464
0.000016
0.001593
0.000597
-0.000438
-0.002392
0.001336
0.000324
0.001009
0.000324
0.001009
0.001472
0.002927
0.003432
-0.001243
0.001407
0.000100
0.001058
-0.001179
-0.001149
-0.002484
0.000900
0.002108
