
Data:
0.499593
0.500408
0.500166
0.499834
0.500160
0.499840
0.500108
0.499892
0.499743
0.500257
0.500058
0.499942
0.500944
0.499056
0.499457
0.500543
0.500113
0.499887
0.499988
0.500012
0.500315
0.499685
0.499075
0.500925
0.500516
0.499484
0.500322
0.499678
0.500142
0.499858
0.499563
0.500437
0.499067
0.500933
0.499748
0.500252
0.500946
0.499054
0.499468
0.500532
0.500075
0.499924
0.500349
0.499651
0.500516
0.499484
0.500099
0.499901
0.500044
0.499956
0.500085
0.499915
0.500488
0.499512
0.499385
0.500615
0.499549
0.500451
0.500562
0.499438
0.499549
0.500451
0.499867
0.500133
0.499260
0.500740
0.500267
0.499733
0.499456
0.500544
0.500044
0.499956
0.500108
0.499892
0.499545
0.500455
0.500589
0.499411
0.500944
0.499056
0.500562
0.499438
0.499930
0.500070
0.499925
0.500075
0.499725
0.500275
0.500075
0.499924
0.500099
0.499901
0.499468
0.500532
0.500044
0.499956
0.499942
0.500058
0.500315
0.499685
0.498690
0.501310
0.499075
0.500925
0.501246
0.498754
0.500318
0.499682
0.500096
0.499904
0.499856
0.500144
0.499925
0.500075
0.499925
0.500075
0.499820
0.500180
0.499942
0.500058
0.499468
0.500532
0.499556
0.500444
0.498867
0.501134
0.499723
0.500277
