Data:
0.693973
0.683969
0.693268
0.684226
0.694145
0.685267
0.694537
0.684367
0.694706
0.683791
0.693511
0.684302
0.694056
0.684986
0.693119
0.683738
0.693911
0.685014
0.693501
0.685064
0.692561
0.684647
0.695121
0.685369
0.694712
0.684058
0.693790
0.684943
0.692042
0.683260
0.694475
0.684588
0.693285
0.684924
0.693855
0.683767
0.692966
0.683360
0.693691
0.683783
0.693707
0.684925
0.694264
0.683804
0.694712
0.684058
0.694591
0.684804
0.692127
0.683027
0.693964
0.684058
0.693541
0.685190
0.693718
0.684351
0.692695
0.684293
0.693083
0.683255
0.692695
0.684293
0.693289
0.682863
0.693752
0.683917
0.693236
0.683639
0.692492
0.685015
0.692127
0.683027
0.694537
0.684367
0.694098
0.683606
0.692539
0.683940
0.694056
0.684986
0.693083
0.683255
0.693479
0.683595
0.693650
0.684220
0.694079
0.683016
0.693707
0.684925
0.694591
0.684804
0.693691
0.683783
0.692127
0.683027
0.692541
0.683501
0.692561
0.684647
0.693969
0.684423
0.695121
0.685369
0.694391
0.684649
0.692732
0.682930
0.693105
0.683737
0.694127
0.684258
0.693650
0.684220
0.693650
0.684220
0.694068
0.685157
0.692541
0.683501
0.693691
0.683783
0.695219
0.684021
0.693156
0.684337
0.693598
0.683849
